"surface water age (days)";"initial pH (-)";"initial EC (microS/cm)";"initial turbidity (NTU)";"flocculant age (days)";"Husk removed?";"saline Molarity (mol/l)";"filtered?";"floc dose (mg/l)";"stirring speed coagulation phase (rpm)";"duration coagulation phase (min)";"stirring speed flocculation phase (rpm)";"duration flocculation phase (min)";"stirring speed sedimentation phase (rpm)";"duration sedimentation phase (min)";"final pH (-)";"final EC (microS/cm)";"final turbidity (NTU)";"performance"
0.00;;;167;0.00;0;1;1;200;100;1;20;20;0;40;;;18;0.89
0.00;;;167;0.00;0;1;1;200;100;1;20;20;0;40;;;14;0.91
0.00;;;167;6.00;0;0;0;200;100;1;20;20;0;40;;;61;0.63
0.00;;;167;6.00;0;0;0;200;100;1;20;20;0;40;;;57;0.65
0.00;;;167;0.00;0;1;1;200;100;1;20;20;0;40;;;14;0.91
0.00;;;167;0.00;0;1;1;200;100;1;20;20;0;40;;;13;0.92
0.00;;;167;0.00;0;0;0;200;100;1;20;20;0;40;;;65;0.61
0.00;;;167;0.00;0;0;0;200;100;1;20;20;0;40;;;62;0.62
1.00;;;167;1.00;0;0;0;200;180;1;20;10;0;60;;;54;0.67
1.00;;;167;1.00;0;0;0;200;180;1;20;10;0;60;;;53;0.68
1.00;;;167;1.00;0;0;0;200;180;1;20;10;0;60;;;54;0.67
1.00;;;167;1.00;0;1;1;200;180;1;20;10;0;60;;;8;0.95
2.00;;;167;2.00;0;0;0;200;100;1;20;10;0;60;;;68;0.59
2.00;;;167;2.00;0;0;0;200;100;1;20;10;0;60;;;66;0.60
2.00;;;167;2.00;0;1;1;200;100;1;20;10;0;60;;;11;0.93
0.00;8.50;412;117;0.00;0;0;0;200;100;1;20;20;0;60;8.00;411.00;33;0.71
0.00;8.50;412;117;0.00;0;0;0;200;100;1;20;20;0;60;7.90;411.00;31;0.73
0.00;8.50;412;117;0.00;0;0;0;200;100;1;20;20;0;60;7.90;411.00;30;0.74
0.00;8.50;412;117;0.00;0;0;0;200;100;1;20;20;0;60;7.90;412.00;31;0.73
0.00;8.50;412;117;0.00;0;0;0;200;100;1;20;20;0;60;8.00;412.00;31;0.73
0.00;8.50;412;117;0.00;0;0;0;0;100;1;20;20;0;60;8.50;412.00;46;0.60
0.00;8.50;412;117;0.00;0;0;0;200;100;1;20;20;0;60;7.90;418.00;47;0.59
0.00;8.50;412;117;0.00;0;0;0;200;100;1;20;20;0;60;7.90;419.00;45;0.61
0.00;8.50;412;117;0.00;0;0;0;200;100;1;20;20;0;60;7.90;419.00;44;0.62
0.00;8.50;412;117;0.00;0;0;0;200;100;1;20;20;0;60;7.90;418.00;44;0.62
0.00;8.50;412;117;0.00;0;0;0;200;100;1;20;20;0;60;7.90;419.00;43;0.63
0.00;8.50;412;117;0.00;0;0;0;0;100;1;20;20;0;60;8.40;419.00;47;0.59
1.00;8.50;412;117;0.00;0;0;0;200;100;1;20;20;0;60;8.00;424.00;27;0.76
1.00;8.50;412;117;0.00;0;0;0;200;100;1;20;20;0;60;8.00;423.00;25;0.78
1.00;8.50;412;117;0.00;0;0;0;200;100;1;20;20;0;60;7.90;423.00;25;0.78
1.00;8.50;412;117;0.00;0;0;0;200;100;1;20;20;0;60;8.00;423.00;26;0.77
1.00;8.50;412;117;0.00;0;0;0;200;100;1;20;20;0;60;7.90;424.00;26;0.77
1.00;8.50;412;117;0.00;0;0;0;0;100;1;20;20;0;60;8.40;423.00;51;0.56
0.00;8.60;410;119;0.00;0;0;0;200;100;1;20;20;0;60;8.00;411.00;25;0.78
0.00;8.60;410;119;0.00;0;0;0;200;100;1;20;20;0;60;7.90;411.00;32;0.73
0.00;8.60;410;119;0.00;0;0;0;200;100;1;20;20;0;60;7.90;411.00;27;0.77
0.00;8.60;410;119;0.00;0;0;0;200;100;1;20;20;0;60;7.90;410.00;29;0.75
0.00;8.60;410;119;0.00;0;0;0;200;100;1;20;20;0;60;7.90;410.00;29;0.75
0.00;8.60;410;119;0.00;0;0;0;0;100;1;20;20;0;60;8.50;411.00;46;0.61
0.00;8.60;410;119;0.00;0;0;0;200;100;1;20;20;0;60;8.00;414.00;26;0.78
0.00;8.60;410;119;0.00;0;0;0;200;100;1;20;20;0;60;8.00;412.00;28;0.76
0.00;8.60;410;119;0.00;0;0;0;200;100;1;20;20;0;60;8.00;414.00;26;0.78
0.00;8.60;410;119;0.00;0;0;0;200;100;1;20;20;0;60;7.90;414.00;23;0.80
0.00;8.60;410;119;0.00;0;0;0;200;100;1;20;20;0;60;7.90;414.00;25;0.78
0.00;8.60;410;119;0.00;0;0;0;0;100;1;20;20;0;60;8.40;415.00;49;0.58
6.00;8.60;410;119;0.00;0;1;0;200;100;1;20;20;0;60;7.90;1483.00;5;0.95
6.00;8.60;410;119;0.00;0;1;0;200;100;1;20;20;0;60;7.90;1571.00;6;0.94
6.00;8.60;410;119;0.00;0;1;0;200;100;1;20;20;0;60;7.90;1475.00;5;0.95
6.00;8.60;410;119;0.00;0;1;0;200;100;1;20;20;0;60;7.90;1564.00;4;0.96
6.00;8.60;410;119;0.00;0;1;0;200;100;1;20;20;0;60;7.90;1550.00;5;0.95
6.00;8.60;410;119;0.00;0;1;0;0;100;1;20;20;0;60;8.40;419.00;53;0.55
0.00;8.60;409;126;0.00;0;1;0;200;180;1;20;20;0;60;7.80;1527.00;7;0.94
0.00;8.60;409;126;0.00;0;1;0;200;180;1;20;20;0;60;7.90;1510.00;6;0.95
0.00;8.60;409;126;0.00;0;1;0;200;180;1;20;20;0;60;7.90;1537.00;4;0.96
0.00;8.60;409;126;0.00;0;1;0;200;180;1;20;20;0;60;7.90;1480.00;4;0.96
0.00;8.60;409;126;0.00;0;1;0;200;180;1;20;20;0;60;7.80;1502.00;3;0.97
0.00;8.60;409;126;0.00;0;1;0;0;180;1;20;20;0;60;8.50;411.00;52;0.58
0.00;8.60;409;126;0.00;0;1;0;200;100;1;20;20;0;60;7.80;1493.00;6;0.95
0.00;8.60;409;126;0.00;0;1;0;200;100;1;20;20;0;60;7.80;1509.00;7;0.94
0.00;8.60;409;126;0.00;0;1;0;200;100;1;20;20;0;60;7.80;1502.00;6;0.95
0.00;8.60;409;126;0.00;0;1;0;200;100;1;20;20;0;60;7.80;1520.00;6;0.95
0.00;8.60;409;126;0.00;0;1;0;200;100;1;20;20;0;60;7.80;1480.00;6;0.95
0.00;8.60;409;126;0.00;0;1;0;0;100;1;20;20;0;60;8.50;412.00;54;0.57
2.00;8.60;409;126;0.00;0;1;0;200;100;1;20;20;0;60;7.90;1543.00;7;0.94
2.00;8.60;409;126;0.00;0;1;0;200;100;1;20;20;0;60;7.90;1492.00;6;0.95
2.00;8.60;409;126;0.00;0;1;0;200;100;1;20;20;0;60;7.90;1503.00;5;0.96
2.00;8.60;409;126;0.00;0;1;0;200;100;1;20;20;0;60;7.90;1547.00;4;0.96
1.00;8.68;405;142;0.00;0;0;1;200;100;1;20;15;0;45;8.13;758.00;20;0.85
1.00;8.68;405;142;0.00;0;0;1;250;100;1;20;15;0;45;8.02;872.00;13;0.90
1.00;8.68;405;142;0.00;0;0;1;300;100;1;20;15;0;45;7.96;928.00;8;0.94
1.00;8.68;405;142;0.00;0;0;1;350;100;1;20;15;0;45;7.87;1024.00;8;0.94
1.00;8.68;405;142;0.00;0;0;1;400;100;1;20;15;0;45;7.85;1020.00;18;0.87
1.00;8.68;405;142;0.00;0;0;1;0;100;1;20;15;0;45;8.60;409.00;56;0.60
0.00;8.21;452;4;0.00;0;0;1;100;100;1;20;15;0;45;8.06;663.00;4;0.00
0.00;8.21;452;4;0.00;0;0;1;150;100;1;20;15;0;45;8.12;726.00;4;0.00
0.00;8.21;452;4;0.00;0;0;1;200;100;1;20;15;0;45;8.09;803.00;4;0.00
0.00;8.21;452;4;0.00;0;0;1;250;100;1;20;15;0;45;7.99;919.00;5;-0.25
0.00;8.21;452;4;0.00;0;0;1;300;100;1;20;15;0;45;7.94;984.00;11;-1.75
0.00;8.21;452;4;0.00;0;0;1;0;100;1;20;15;0;45;8.29;461.00;2;0.50
0.00;8.21;452;4;0.00;0;0;1;20;100;1;20;15;0;45;8.35;498.00;7;-0.75
0.00;8.21;452;4;0.00;0;0;1;40;100;1;20;15;0;45;8.31;522.00;9;-1.25
0.00;8.21;452;4;0.00;0;0;1;60;100;1;20;15;0;45;8.29;558.00;9;-1.25
0.00;8.21;452;4;0.00;0;0;1;80;100;1;20;15;0;45;8.27;595.00;8;-1.00
0.00;8.21;452;4;0.00;0;0;1;100;100;1;20;15;0;45;8.25;627.00;6;-0.50
0.00;8.21;452;4;0.00;0;0;1;0;100;1;20;15;0;45;8.36;460.00;2;0.50
1.00;8.54;412;142;0.00;0;0;1;200;50;1;20;15;0;45;8.00;782.00;7;0.95
1.00;8.54;412;142;0.00;0;0;1;200;50;1;20;15;0;45;8.00;770.00;7;0.95
1.00;8.54;412;142;0.00;0;0;1;200;50;1;20;15;0;45;7.90;792.00;5;0.96
1.00;8.54;412;142;0.00;0;0;1;200;50;1;20;15;0;45;8.00;781.00;6;0.95
1.00;8.54;412;142;35.00;0;0;0;200;50;1;20;15;0;45;7.40;430.00;5;0.96
1.00;8.54;412;142;0.00;0;0;1;0;50;1;20;15;0;45;8.40;421.00;58;0.59
3.00;8.21;452;4;0.00;0;0;1;100;100;1;20;15;0;45;8.20;636.00;12;-2.00
3.00;8.21;452;4;0.00;0;0;1;120;100;1;20;15;0;45;8.19;672.00;12;-2.00
3.00;8.21;452;4;0.00;0;0;1;140;100;1;20;15;0;45;8.17;710.00;15;-2.75
3.00;8.21;452;4;0.00;0;0;1;160;100;1;20;15;0;45;8.14;744.00;14;-2.50
3.00;8.21;452;4;0.00;0;0;1;180;100;1;20;15;0;45;8.10;763.00;17;-3.25
3.00;8.21;452;4;0.00;0;0;1;100;100;2;20;15;0;45;8.26;629.00;7;-0.75
3.00;8.21;452;4;0.00;0;0;1;100;100;2;20;15;0;45;8.25;606.00;8;-1.00
3.00;8.21;452;4;0.00;0;0;1;100;100;2;20;15;0;45;8.23;629.00;6;-0.50
3.00;8.21;452;4;0.00;0;0;1;100;100;2;20;15;0;45;8.25;629.00;6;-0.50
3.00;8.21;452;4;0.00;0;0;1;100;100;2;20;15;0;45;8.24;621.00;6;-0.50
3.00;8.21;452;4;0.00;0;0;1;0;100;2;20;15;0;45;8.36;459.00;2;0.50
11.00;8.21;452;4;0.00;0;0;1;100;100;2;20;15;0;45;8.48;626.00;8;-1.00
11.00;8.21;452;4;0.00;0;0;1;100;100;2;20;15;0;45;8.47;623.00;6;-0.50
11.00;8.21;452;4;0.00;0;0;1;100;100;2;20;15;0;45;8.47;625.00;6;-0.50
11.00;8.21;452;4;0.00;0;0;1;100;100;2;20;15;0;45;8.46;635.00;6;-0.50
11.00;8.21;452;4;0.00;0;0;1;100;100;2;20;15;0;45;8.45;630.00;8;-1.00
11.00;8.21;452;4;0.00;0;0;1;0;100;2;20;15;0;45;8.56;452.00;1;0.75
11.00;8.21;452;4;0.00;0;0;1;100;100;3;20;15;0;45;8.53;596.00;9;-1.25
11.00;8.21;452;4;0.00;0;0;1;100;100;3;20;15;0;45;8.56;610.00;7;-0.75
11.00;8.21;452;4;0.00;0;0;1;100;100;3;20;15;0;45;8.57;612.00;6;-0.50
11.00;8.21;452;4;0.00;0;0;1;100;100;3;20;15;0;45;8.56;612.00;6;-0.50
11.00;8.21;452;4;0.00;0;0;1;100;100;3;20;15;0;45;8.57;613.00;7;-0.75
11.00;8.21;452;4;0.00;0;0;1;0;100;3;20;15;0;45;8.65;449.00;1;0.75
2.00;8.14;477;7;0.00;0;0;1;100;100;3;20;15;0;45;8.10;642.00;5;0.28
2.00;8.14;477;7;0.00;0;0;1;100;100;3;20;15;0;45;8.09;653.00;8;-0.14
2.00;8.14;477;7;0.00;0;0;1;100;100;3;20;15;0;45;8.11;650.00;8;-0.14
2.00;8.14;477;7;0.00;0;0;1;100;100;3;20;15;0;45;8.12;658.00;7;0.00
1.00;8.96;396;150;0.00;1;0;1;300;100;1;20;15;0;45;7.95;883.00;6;0.96
1.00;8.96;396;150;0.00;1;0;1;0;100;1;20;15;0;45;8.73;396.00;58;0.61
1.00;8.96;396;150;0.00;1;0;1;50;100;1;20;15;0;45;8.53;481.00;27;0.82
1.00;8.96;396;150;0.00;1;0;1;100;100;1;20;15;0;45;8.34;563.00;14;0.90
1.00;8.96;396;150;0.00;1;0;1;150;100;1;20;15;0;45;8.17;648.00;10;0.93
1.00;8.96;396;150;0.00;1;0;1;250;100;1;20;15;0;45;7.91;794.00;7;0.95
1.00;8.96;396;150;0.00;1;0;1;300;100;1;20;15;0;45;7.78;889.00;8;0.94
1.00;8.96;396;150;0.00;1;0;1;0;100;1;20;15;0;45;8.66;397.00;60;0.60
3.00;8.79;400;145;0.00;1;0;1;100;100;1;20;15;0;45;8.40;578.00;9;0.93
3.00;8.79;400;145;0.00;1;0;1;150;100;1;20;15;0;45;8.28;650.00;8;0.94
3.00;8.79;400;145;0.00;1;0;1;200;100;1;20;15;0;45;8.16;734.00;5;0.96
3.00;8.79;400;145;0.00;1;0;1;250;100;1;20;15;0;45;8.02;834.00;4;0.97
3.00;8.79;400;145;0.00;1;0;1;300;100;1;20;15;0;45;7.98;860.00;4;0.97
3.00;8.79;400;145;0.00;1;0;1;0;100;1;20;15;0;45;8.60;401.00;56;0.61
3.00;8.79;400;145;-4.00;1;0;0;200;100;1;20;15;0;45;7.88;748.00;12;0.91
3.00;8.79;400;145;-4.00;1;0;0;200;100;1;20;15;0;45;;;7;0.95
3.00;8.79;400;145;-4.00;0;0;0;5;100;1;20;15;0;45;;;6;0.95
3.00;8.79;400;145;-4.00;0;0;0;5;100;1;20;15;0;45;7.62;410.00;6;0.95
0.00;8.63;407;125;0.00;1;0;1;200;200;2;20;15;0;45;7.91;762.00;10;0.92
2.00;8.14;477;7;0.00;0;0;1;100;100;3;20;15;0;45;8.12;654.00;7;0.00
2.00;8.14;477;7;0.00;0;0;1;0;100;3;20;15;0;45;8.29;476.00;2;0.71
2.00;8.14;477;7;0.00;0;0;1;100;100;3;20;15;0;45;8.18;644.00;5;0.28
2.00;8.14;477;7;0.00;0;0;1;100;100;3;20;15;0;45;8.23;644.00;5;0.28
2.00;8.14;477;7;0.00;0;0;1;100;100;3;20;15;0;45;8.27;648.00;5;0.28
2.00;8.14;477;7;0.00;0;0;1;100;100;3;20;15;0;45;8.27;647.00;7;0.00
2.00;8.14;477;7;0.00;0;0;1;100;100;3;20;15;0;45;8.46;663.00;13;-0.85
2.00;8.14;477;7;0.00;0;0;1;0;100;3;20;15;0;45;8.29;475.00;2;0.71
11.00;8.14;477;7;0.00;0;0;1;100;100;3;20;15;0;45;8.07;655.00;7;0.00
11.00;8.14;477;7;0.00;0;0;1;100;100;3;20;15;0;45;8.08;651.00;8;-0.14
11.00;8.14;477;7;0.00;0;0;1;100;100;3;20;15;0;45;8.06;652.00;10;-0.42
11.00;8.14;477;7;0.00;0;0;1;100;100;3;20;15;0;45;8.05;652.00;14;-1.00
11.00;8.14;477;7;0.00;0;0;1;100;100;3;20;15;0;45;8.14;660.00;26;-2.71
11.00;8.14;477;7;0.00;0;0;1;0;100;3;20;15;0;45;8.13;476.00;2;0.71
11.00;8.14;477;7;0.00;0;0;1;100;100;3;20;15;0;45;8.06;665.00;4;0.42
11.00;8.14;477;7;0.00;0;0;1;100;100;3;20;15;0;45;8.13;661.00;11;-0.57
11.00;8.14;477;7;0.00;0;0;1;100;100;3;20;15;0;45;8.24;667.00;6;0.14
11.00;8.14;477;7;0.00;0;0;1;100;100;3;20;15;0;45;8.21;659.00;23;-2.28
11.00;8.14;477;7;58.00;0;0;0;5;100;3;20;15;0;45;7.85;479.00;1;0.85
11.00;8.14;477;7;0.00;0;0;1;0;100;3;20;15;0;45;8.23;474.00;1;0.85
0.00;8.01;494;3;0.00;0;0;1;100;100;3;20;15;0;45;7.93;648.00;3;0.00
0.00;8.01;494;3;0.00;0;0;1;100;100;3;20;15;0;45;7.95;656.00;4;-0.33
0.00;8.01;494;3;0.00;0;0;1;100;100;3;20;15;0;45;7.98;647.00;6;-1.00
0.00;8.01;494;3;0.00;0;0;1;100;100;3;20;15;0;45;8.00;653.00;5;-0.66
0.00;8.01;494;3;0.00;0;0;1;100;100;3;20;15;0;45;8.14;661.00;7;-1.33
0.00;8.01;494;3;0.00;0;0;1;0;100;3;20;15;0;45;8.08;661.00;2;0.33
1.00;8.01;494;3;0.00;0;0;1;100;100;3;20;15;0;45;8.06;655.00;6;-1.00
1.00;8.01;494;3;0.00;0;0;1;100;100;3;20;15;0;45;8.13;665.00;5;-0.66
1.00;8.01;494;3;0.00;0;0;1;100;100;3;20;15;0;45;8.03;669.00;12;-3.00
1.00;8.01;494;3;0.00;0;0;1;100;100;3;20;15;0;45;8.03;666.00;10;-2.33
1.00;8.01;494;3;0.00;0;0;1;0;100;3;20;15;0;45;8.15;493.00;2;0.33
31.00;8.54;412;142;0.00;0;0;1;200;100;1;20;15;0;45;7.35;816.00;6;0.95
31.00;8.54;412;142;0.00;0;0;1;100;100;1;20;15;0;45;7.40;623.00;8;0.94
31.00;8.54;412;142;65.00;0;0;0;10;100;1;20;15;0;45;7.00;442.00;2;0.98
8.00;8.01;494;3;0.00;0;0;1;100;100;2;20;15;0;45;8.08;667.00;11;-2.66
8.00;8.01;494;3;0.00;0;0;1;100;100;2;20;15;0;45;8.12;671.00;8;-1.66
8.00;8.01;494;3;0.00;0;0;1;100;100;2;20;15;0;45;8.14;666.00;6;-1.00
8.00;8.01;494;3;0.00;0;0;1;100;100;2;20;15;0;45;8.09;663.00;6;-1.00
8.00;8.01;494;3;0.00;0;0;1;100;100;2;20;15;0;45;8.10;663.00;6;-1.00
8.00;8.01;494;3;0.00;0;0;1;0;100;2;20;15;0;45;8.24;493.00;1;0.66
1.00;8.10;848;5;0.00;0;0;1;20;100;1;20;15;0;45;8.12;887.00;7;-0.40
1.00;8.10;848;5;0.00;0;0;1;40;100;1;20;15;0;45;8.10;920.00;10;-1.00
1.00;8.10;848;5;0.00;0;0;1;60;100;1;20;15;0;45;8.09;956.00;8;-0.60
1.00;8.10;848;5;0.00;0;0;1;80;100;1;20;15;0;45;8.08;996.00;6;-0.20
1.00;8.10;848;5;0.00;0;0;1;100;100;1;20;15;0;45;8.06;1022.00;5;0.00
1.00;8.10;848;5;0.00;0;0;1;0;100;1;20;15;0;45;8.12;852.00;2;0.60
1.00;8.10;848;5;0.00;0;0;1;100;100;1;20;15;0;45;8.11;1022.00;4;0.20
1.00;8.10;848;5;0.00;0;0;1;150;100;1;20;15;0;45;8.06;1115.00;4;0.20
1.00;8.10;848;5;0.00;0;0;1;200;100;1;20;15;0;45;8.02;1182.00;4;0.20
1.00;8.10;848;5;0.00;0;0;1;250;100;1;20;15;0;45;7.97;1283.00;4;0.20
1.00;8.10;848;5;0.00;0;0;1;300;100;1;20;15;0;45;7.92;1365.00;4;0.20
1.00;8.10;848;5;0.00;0;0;1;0;100;1;20;15;0;45;8.18;850.00;2;0.60
2.00;8.10;848;5;0.00;0;0;1;100;100;2;20;15;0;45;8.11;1021.00;5;0.00
2.00;8.10;848;5;0.00;0;0;1;100;100;2;20;15;0;45;8.11;1017.00;5;0.00
2.00;8.10;848;5;0.00;0;0;1;100;100;2;20;15;0;45;8.11;1020.00;4;0.20
2.00;8.10;848;5;0.00;0;0;1;100;100;2;20;15;0;45;8.11;1025.00;3;0.40
2.00;8.10;848;5;0.00;0;0;1;100;100;2;20;15;0;45;8.08;1027.00;3;0.40
2.00;8.10;848;5;0.00;0;0;1;0;100;2;20;15;0;45;8.17;851.00;2;0.60
2.00;8.10;848;5;0.00;0;0;1;100;100;2;20;15;0;45;8.14;1018.00;4;0.20
2.00;8.10;848;5;0.00;0;0;1;100;100;2;20;15;0;45;8.14;1025.00;3;0.40
2.00;8.10;848;5;0.00;0;0;1;100;100;2;20;15;0;45;8.14;1023.00;3;0.40
2.00;8.10;848;5;0.00;0;0;1;100;100;2;20;15;0;45;8.14;1013.00;2;0.60
2.00;8.10;848;5;0.00;0;0;1;100;100;2;20;15;0;45;8.14;1022.00;2;0.60
2.00;8.10;848;5;0.00;0;0;1;0;100;2;20;15;0;45;8.21;847.00;2;0.60
3.00;8.10;848;5;0.00;0;0;1;100;100;2;20;15;0;45;8.20;1012.00;3;0.40
3.00;8.10;848;5;0.00;0;0;1;350;100;2;20;15;0;45;7.98;1381.00;11;-1.20
3.00;8.10;848;5;0.00;0;0;1;100;100;2;20;15;0;45;8.22;1012.00;3;0.40
3.00;8.10;848;5;0.00;0;0;1;100;100;2;20;15;0;45;8.16;1000.00;3;0.40
3.00;8.10;848;5;0.00;0;0;1;100;100;2;20;15;0;45;8.21;1018.00;2;0.60
3.00;8.10;848;5;0.00;0;0;1;0;100;2;20;15;0;45;8.24;850.00;2;0.60
8.00;8.10;848;5;0.00;0;0;1;100;100;3;20;15;0;45;8.20;1017.00;3;0.40
8.00;8.10;848;5;0.00;0;0;1;100;100;3;20;15;0;45;8.22;1021.00;3;0.40
8.00;8.10;848;5;0.00;0;0;1;100;100;3;20;15;0;45;8.22;1018.00;3;0.40
8.00;8.10;848;5;0.00;0;0;1;100;100;3;20;15;0;45;8.22;1018.00;2;0.60
8.00;8.10;848;5;0.00;0;0;1;100;100;3;20;15;0;45;8.21;1023.00;3;0.40
8.00;8.10;848;5;0.00;0;0;1;0;100;3;20;15;0;45;8.29;850.00;2;0.60
8.00;8.10;848;5;0.00;0;0;1;100;100;3;20;15;0;45;8.21;1020.00;3;0.40
8.00;8.10;848;5;0.00;0;0;1;100;100;3;20;15;0;45;8.24;1017.00;3;0.40
8.00;8.10;848;5;0.00;0;0;1;100;100;3;20;15;0;45;8.23;1022.00;2;0.60
8.00;8.10;848;5;0.00;0;0;1;100;100;3;20;15;0;45;8.24;1024.00;2;0.60
8.00;8.10;848;5;0.00;0;0;1;100;100;3;20;15;0;45;8.23;1017.00;2;0.60
8.00;8.10;848;5;0.00;0;0;1;0;100;3;20;15;0;45;8.35;848.00;2;0.60
2.00;7.99;807;4;0.00;0;0;1;100;100;3;20;15;0;45;8.05;969.00;5;-0.25
2.00;7.99;807;4;0.00;0;0;1;100;100;3;20;15;0;45;8.06;969.00;4;0.00
2.00;7.99;807;4;0.00;0;0;1;100;100;3;20;15;0;45;8.06;967.00;4;0.00
2.00;7.99;807;4;0.00;0;0;1;100;100;3;20;15;0;45;8.07;971.00;3;0.25
2.00;7.99;807;4;0.00;0;0;1;100;100;3;20;15;0;45;8.07;963.00;4;0.00
2.00;7.99;807;4;0.00;0;0;1;0;100;3;20;15;0;45;8.13;808.00;2;0.50
2.00;7.99;807;4;0.00;0;0;1;100;100;3;20;15;0;45;8.13;968.00;4;0.00
2.00;7.99;807;4;0.00;0;0;1;100;100;3;20;15;0;45;8.16;973.00;4;0.00
2.00;7.99;807;4;0.00;0;0;1;100;100;3;20;15;0;45;8.20;973.00;5;-0.25
2.00;7.99;807;4;0.00;0;0;1;100;100;3;20;15;0;45;8.23;975.00;6;-0.50
2.00;7.99;807;4;0.00;0;0;1;100;100;3;20;15;0;45;8.26;975.00;7;-0.75
2.00;7.99;807;4;0.00;0;0;1;0;100;3;20;15;0;45;8.21;806.00;2;0.50
3.00;7.99;807;4;0.00;0;0;1;100;100;3;20;15;0;45;8.12;973.00;6;-0.50
3.00;7.99;807;4;0.00;0;0;1;100;100;3;20;15;0;45;8.16;982.00;6;-0.50
3.00;7.99;807;4;0.00;0;0;1;100;100;3;20;15;0;45;8.15;983.00;5;-0.25
3.00;7.99;807;4;0.00;0;0;1;100;100;3;20;15;0;45;8.20;986.00;4;0.00
3.00;7.99;807;4;85.00;0;0;0;5;100;3;20;15;0;45;8.02;814.00;2;0.50
3.00;7.99;807;4;0.00;0;0;1;0;100;3;20;15;0;45;8.23;807.00;2;0.50
1.00;8.47;811;142;0.00;0;0;1;20;100;1;20;15;0;45;8.44;844.00;16;0.88
1.00;8.47;811;142;0.00;0;0;1;40;100;1;20;15;0;45;8.44;876.00;10;0.92
1.00;8.47;811;142;0.00;0;0;1;60;100;1;20;15;0;45;8.43;911.00;8;0.94
1.00;8.47;811;142;0.00;0;0;1;80;100;1;20;15;0;45;8.42;939.00;6;0.95
1.00;8.47;811;142;0.00;0;0;1;100;100;1;20;15;0;45;8.41;979.00;6;0.95
1.00;8.47;811;142;0.00;0;0;1;0;100;1;20;15;0;45;8.45;808.00;20;0.85
1.00;8.47;811;142;0.00;0;0;1;100;100;1;20;15;0;45;8.38;974.00;5;0.96
1.00;8.47;811;142;0.00;0;0;1;150;100;1;20;15;0;45;8.37;1067.00;5;0.96
1.00;8.47;811;142;0.00;0;0;1;200;100;1;20;15;0;45;8.33;1147.00;4;0.97
1.00;8.47;811;142;0.00;0;0;1;250;100;1;20;15;0;45;8.28;1246.00;4;0.97
1.00;8.47;811;142;0.00;0;0;1;300;100;1;20;15;0;45;8.26;1305.00;4;0.97
1.00;8.47;811;142;0.00;0;0;1;0;100;1;20;15;0;45;8.46;810.00;22;0.84
1.00;8.47;811;142;0.00;0;0;1;200;100;2;20;15;0;45;8.35;1153.00;4;0.97
1.00;8.47;811;142;0.00;0;0;1;200;100;2;20;15;0;45;8.35;1127.00;4;0.97
1.00;8.47;811;142;0.00;0;0;1;200;100;2;20;15;0;45;8.34;1161.00;3;0.97
1.00;8.47;811;142;0.00;0;0;1;200;100;2;20;15;0;45;8.35;1146.00;3;0.97
1.00;8.47;811;142;0.00;0;0;1;200;100;2;20;15;0;45;8.34;1168.00;3;0.97
1.00;8.47;811;142;0.00;0;0;1;0;100;2;20;15;0;45;8.48;810.00;18;0.87
1.00;8.47;811;142;0.00;0;0;1;200;100;2;20;15;0;45;8.31;1149.00;6;0.95
1.00;8.47;811;142;0.00;0;0;1;200;100;2;20;15;0;45;8.32;1151.00;4;0.97
1.00;8.47;811;142;0.00;0;0;1;200;100;2;20;15;0;45;8.31;1156.00;3;0.97
1.00;8.47;811;142;0.00;0;0;1;200;100;2;20;15;0;45;8.31;1162.00;3;0.97
1.00;8.47;811;142;0.00;0;0;1;200;100;2;20;15;0;45;8.30;1170.00;3;0.97
1.00;8.47;811;142;0.00;0;0;1;0;100;2;20;15;0;45;8.49;812.00;23;0.83
2.00;8.47;811;142;0.00;0;0;1;200;100;3;20;15;0;45;8.38;1144.00;5;0.96
2.00;8.47;811;142;0.00;0;0;1;200;100;3;20;15;0;45;8.40;1141.00;5;0.96
2.00;8.47;811;142;0.00;0;0;1;200;100;3;20;15;0;45;8.39;1139.00;4;0.97
2.00;8.47;811;142;0.00;0;0;1;200;100;3;20;15;0;45;8.40;1135.00;4;0.97
2.00;8.47;811;142;0.00;0;0;1;200;100;3;20;15;0;45;8.40;1138.00;4;0.97
2.00;8.47;811;142;0.00;0;0;1;0;100;3;20;15;0;45;8.49;812.00;26;0.81
2.00;8.47;811;142;0.00;0;0;1;200;100;3;20;15;0;45;8.36;1146.00;3;0.97
2.00;8.47;811;142;0.00;0;0;1;200;100;3;20;15;0;45;8.37;1157.00;4;0.97
2.00;8.47;811;142;0.00;0;0;1;200;100;3;20;15;0;45;8.37;1165.00;3;0.97
2.00;8.47;811;142;0.00;0;0;1;200;100;3;20;15;0;45;8.37;1139.00;3;0.97
2.00;8.47;811;142;0.00;0;0;1;200;100;3;20;15;0;45;8.38;1149.00;3;0.97
2.00;8.47;811;142;0.00;0;0;1;0;100;3;20;15;0;45;8.53;811.00;23;0.83
1.00;8.46;806;143;0.00;0;0;1;200;100;3;20;15;0;45;8.39;1156.00;4;0.97
1.00;8.46;806;143;0.00;0;0;1;200;100;3;20;15;0;45;8.41;1153.00;4;0.97
1.00;8.46;806;143;0.00;0;0;1;200;100;3;20;15;0;45;8.41;1155.00;4;0.97
1.00;8.46;806;143;0.00;0;0;1;200;100;3;20;15;0;45;8.42;1139.00;4;0.97
1.00;8.46;806;143;0.00;0;0;1;200;100;3;20;15;0;45;8.42;1151.00;5;0.96
1.00;8.46;806;143;0.00;0;0;1;0;100;3;20;15;0;45;8.51;812.00;24;0.83
3.00;8.46;806;143;0.00;0;0;1;200;100;3;20;15;0;45;8.42;1156.00;5;0.96
3.00;8.46;806;143;0.00;0;0;1;200;100;3;20;15;0;45;8.45;1167.00;6;0.95
3.00;8.46;806;143;0.00;0;0;1;200;100;3;20;15;0;45;8.47;1172.00;6;0.95
3.00;8.46;806;143;0.00;0;0;1;200;100;3;20;15;0;45;8.49;1179.00;6;0.95
3.00;8.46;806;143;0.00;0;0;1;200;100;3;20;15;0;45;8.51;1161.00;7;0.95
3.00;8.46;806;143;0.00;0;0;1;0;100;3;20;15;0;45;8.52;812.00;23;0.83
3.00;8.46;806;143;0.00;0;0;1;200;100;2;20;15;0;45;8.37;1149.00;4;0.97
3.00;8.46;806;143;0.00;0;0;1;350;100;2;20;15;0;45;8.26;1399.00;5;0.96
3.00;8.46;806;143;0.00;0;0;1;200;100;2;20;15;0;45;8.38;1142.00;3;0.97
3.00;8.46;806;143;0.00;0;0;1;200;100;2;20;15;0;45;8.36;1146.00;3;0.97
3.00;8.46;806;143;0.00;0;0;1;200;100;2;20;15;0;45;8.35;1164.00;5;0.96
2.00;8.60;409;126;0.00;0;1;0;200;100;1;20;20;0;60;7.90;1499.00;4;0.96
2.00;8.60;409;126;0.00;0;1;0;0;100;1;20;20;0;60;8.50;415.00;59;0.53
0.00;8.40;408;120;0.00;0;1;0;200;100;1;20;20;0;60;7.80;1535.00;5;0.95
0.00;8.40;408;120;0.00;0;1;0;200;100;1;20;20;0;60;7.70;1551.00;6;0.95
0.00;8.40;408;120;0.00;0;1;0;200;100;1;20;20;0;60;7.80;1544.00;4;0.96
0.00;8.40;408;120;0.00;0;1;0;0;100;1;20;20;0;60;8.40;414.00;48;0.60
7.00;8.40;408;120;0.00;0;0;0;200;100;1;20;20;0;60;7.90;989.00;6;0.95
7.00;8.40;408;120;0.00;0;0;0;200;100;1;20;20;0;60;7.90;973.00;4;0.96
7.00;8.40;408;120;0.00;0;0;0;200;100;1;20;20;0;60;7.90;1002.00;4;0.96
7.00;8.40;408;120;0.00;0;0;0;200;100;1;20;20;0;60;7.90;983.00;4;0.96
7.00;8.40;408;120;0.00;0;0;0;200;100;1;20;20;0;60;7.90;990.00;4;0.96
7.00;8.40;408;120;0.00;0;0;0;0;100;1;20;20;0;60;8.40;420.00;54;0.55
7.00;8.40;408;120;0.00;0;0;0;200;100;1;20;20;0;60;7.80;976.00;5;0.95
7.00;8.40;408;120;0.00;0;0;0;200;100;1;20;20;0;60;7.80;954.00;5;0.95
7.00;8.40;408;120;0.00;0;0;0;200;100;1;20;20;0;60;7.80;982.00;7;0.94
7.00;8.40;408;120;0.00;0;0;0;200;100;1;20;20;0;60;7.70;1000.00;4;0.96
7.00;8.40;408;120;0.00;0;0;0;0;100;1;20;20;0;60;8.30;420.00;57;0.52
0.00;8.40;408;130;0.00;0;0;0;200;100;1;20;10;0;60;7.60;970.00;7;0.94
0.00;8.40;408;130;0.00;0;0;0;200;100;1;20;10;0;60;7.60;964.00;10;0.92
0.00;8.40;408;130;0.00;0;0;0;200;100;1;20;10;0;60;7.60;990.00;7;0.94
0.00;8.40;408;130;0.00;0;0;0;200;100;1;20;10;0;60;7.60;953.00;9;0.93
0.00;8.40;408;130;0.00;0;0;0;200;100;1;20;10;0;60;7.60;972.00;9;0.93
0.00;8.40;408;130;0.00;0;0;0;0;100;1;20;10;0;60;8.30;410.00;53;0.59
0.00;8.40;396;126;0.00;0;0;0;200;100;1;20;20;0;60;7.90;404.00;42;0.66
0.00;8.40;396;126;0.00;0;0;0;200;100;1;20;20;0;60;8.00;403.00;40;0.68
0.00;8.40;396;126;0.00;0;0;0;200;100;1;20;20;0;60;7.80;514.00;8;0.93
0.00;8.40;396;126;0.00;0;0;0;200;100;1;20;20;0;60;7.80;733.00;3;0.97
0.00;8.40;396;126;0.00;0;0;0;200;100;1;20;20;0;60;7.80;954.00;3;0.97
0.00;8.40;396;126;0.00;0;0;0;200;100;1;20;5;0;45;7.90;727.00;23;0.81
0.00;8.40;396;126;0.00;0;0;0;200;100;1;20;10;0;45;7.90;727.00;13;0.89
0.00;8.40;396;126;0.00;0;0;0;200;100;1;20;15;0;45;7.80;745.00;9;0.92
0.00;8.40;396;126;0.00;0;0;0;200;100;1;20;10;0;30;7.80;744.00;18;0.85
0.00;8.40;396;126;0.00;0;0;0;200;100;1;20;20;0;45;7.80;737.00;8;0.93
0.00;8.40;396;126;0.00;0;0;0;0;100;1;20;20;0;45;8.30;399.00;54;0.57
0.00;8.40;396;126;0.00;0;0;0;0;100;1;20;20;0;60;8.30;399.00;47;0.62
6.00;8.40;396;126;6.00;0;0;0;200;100;1;20;15;0;45;8.00;722.00;9;0.92
6.00;8.40;396;126;6.00;0;0;0;200;100;1;20;15;0;45;8.00;762.00;9;0.92
6.00;8.40;396;126;6.00;0;0;0;200;100;1;20;15;0;45;8.00;763.00;7;0.94
6.00;8.40;396;126;6.00;0;0;0;200;100;1;20;15;0;45;8.00;749.00;7;0.94
6.00;8.40;396;126;6.00;0;0;0;200;100;1;20;15;0;45;8.00;753.00;6;0.95
6.00;8.40;396;126;6.00;0;0;0;0;100;1;20;15;0;45;8.40;404.00;62;0.50
0.00;8.80;387;124;0.00;1;0;0;200;100;1;20;15;0;45;8.10;745.00;10;0.91
0.00;8.80;387;124;0.00;1;0;0;200;100;1;20;15;0;45;8.20;749.00;7;0.94
0.00;8.80;387;124;0.00;1;0;0;200;100;1;20;15;0;45;8.20;739.00;7;0.94
0.00;8.80;387;124;0.00;1;0;0;200;100;1;20;15;0;45;8.20;759.00;8;0.93
0.00;8.80;387;124;0.00;1;0;0;200;100;1;20;15;0;45;8.20;758.00;8;0.93
0.00;8.80;387;124;0.00;1;0;0;0;100;1;20;15;0;45;8.75;391.00;44;0.64
0.00;8.54;393;125;0.00;0;0;1;200;100;1;20;15;0;45;7.98;739.00;11;0.91
0.00;8.54;393;125;0.00;0;0;1;200;100;1;20;15;0;45;7.98;749.00;9;0.92
0.00;8.54;393;125;0.00;0;0;1;200;100;1;20;15;0;45;7.99;737.00;8;0.93
0.00;8.54;393;125;0.00;0;0;1;200;100;1;20;15;0;45;7.97;751.00;8;0.93
0.00;8.54;393;125;0.00;0;0;1;200;100;1;20;15;0;45;7.98;759.00;7;0.94
0.00;8.54;393;125;0.00;0;0;1;0;100;1;20;15;0;45;8.48;402.00;50;0.60
0.00;8.54;393;125;0.00;0;0;1;200;100;1;20;15;0;45;8.06;741.00;10;0.92
0.00;8.54;393;125;0.00;0;0;1;200;100;1;20;15;0;45;8.06;749.00;9;0.92
0.00;8.54;393;125;0.00;0;0;1;200;100;1;20;15;0;45;8.07;751.00;8;0.93
0.00;8.54;393;125;0.00;0;0;1;200;100;1;20;15;0;45;8.08;736.00;12;0.90
0.00;8.54;393;125;0.00;0;0;1;200;100;1;20;15;0;45;8.08;743.00;11;0.91
0.00;8.54;393;125;0.00;0;0;1;0;100;1;20;15;0;45;8.56;404.00;55;0.56
0.00;8.54;393;125;0.00;0;0;1;200;100;1;20;15;0;45;8.00;747.00;14;0.88
0.00;8.54;393;125;0.00;0;0;1;200;100;1;20;15;0;45;8.03;749.00;12;0.90
0.00;8.54;393;125;0.00;0;0;1;200;100;1;20;15;0;45;8.03;739.00;9;0.92
0.00;8.54;393;125;0.00;0;0;1;200;100;1;20;15;0;45;8.03;756.00;11;0.91
0.00;8.54;393;125;0.00;0;0;1;200;100;1;20;15;0;45;7.99;758.00;13;0.89
0.00;8.54;393;125;0.00;0;0;1;0;100;1;20;15;0;45;8.51;408.00;55;0.56
1.00;8.96;396;150;0.00;1;0;1;50;100;1;20;15;0;45;8.85;475.00;25;0.83
1.00;8.96;396;150;0.00;1;0;1;100;100;1;20;15;0;45;8.73;557.00;15;0.90
1.00;8.96;396;150;0.00;1;0;1;150;100;1;20;15;0;45;8.62;645.00;11;0.92
1.00;8.96;396;150;0.00;1;0;1;250;100;1;20;15;0;45;8.38;775.00;7;0.95
1.00;8.96;396;150;0.00;1;0;1;300;100;1;20;15;0;45;8.30;872.00;8;0.94
1.00;8.96;396;150;0.00;1;0;1;0;100;1;20;15;0;45;8.87;396.00;53;0.64
1.00;8.96;396;150;0.00;1;0;1;50;100;1;20;15;0;45;8.66;482.00;25;0.83
1.00;8.96;396;150;0.00;1;0;1;100;100;1;20;15;0;45;8.51;564.00;11;0.92
1.00;8.96;396;150;0.00;1;0;1;150;100;1;20;15;0;45;8.35;643.00;9;0.94
1.00;8.96;396;150;0.00;1;0;1;250;100;1;20;15;0;45;8.07;781.00;7;0.95
0.00;8.30;419;136;0.00;0;0;1;200;100;1;20;30;0;45;7.60;794.00;4;0.97
0.00;8.30;419;136;0.00;0;0;1;200;100;1;20;30;0;45;7.10;820.00;9;0.93
0.00;8.30;419;136;0.00;0;0;1;200;100;1;20;30;0;45;6.90;823.00;14;0.89
0.00;8.30;419;136;0.00;0;0;1;200;100;1;20;30;0;45;6.70;841.00;18;0.86
0.00;8.30;419;136;0.00;0;0;1;200;100;1;20;30;0;45;6.60;845.00;22;0.83
0.00;8.50;452;161;0.00;0;0;1;200;100;1;20;45;0;45;7.60;827.00;3;0.98
0.00;8.50;452;161;0.00;0;0;1;200;100;1;20;45;0;45;7.00;861.00;7;0.95
0.00;8.50;452;161;0.00;0;0;1;200;100;1;20;45;0;45;7.00;861.00;7;0.95
0.00;8.50;452;161;0.00;0;0;1;200;100;1;20;45;0;45;6.80;864.00;11;0.93
0.00;8.50;452;161;0.00;0;0;1;200;100;1;20;45;0;45;6.70;877.00;15;0.90
0.00;8.30;465;170;0.00;0;0;1;200;100;1;20;60;0;45;7.60;838.00;2;0.98
3.00;8.46;806;143;0.00;0;0;1;0;100;2;20;15;0;45;8.51;811.00;25;0.82
6.00;8.46;806;143;0.00;0;0;1;200;100;3;20;15;0;45;8.29;1142.00;5;0.96
6.00;8.46;806;143;0.00;0;0;1;200;100;3;20;15;0;45;8.28;1154.00;5;0.96
6.00;8.46;806;143;0.00;0;0;1;200;100;3;20;15;0;45;8.30;1150.00;4;0.97
6.00;8.46;806;143;0.00;0;0;1;200;100;3;20;15;0;45;8.33;1156.00;4;0.97
6.00;8.46;806;143;97.00;0;0;0;5;100;3;20;15;0;45;8.23;821.00;1;0.99
6.00;8.46;806;143;0.00;0;0;1;0;100;3;20;15;0;45;8.43;813.00;23;0.83
6.00;8.46;806;143;0.00;0;0;1;200;100;3;20;15;0;45;8.29;1136.00;5;0.96
6.00;8.46;806;143;0.00;0;0;1;200;100;3;20;15;0;45;8.33;1150.00;6;0.95
6.00;8.46;806;143;97.00;0;0;0;5;100;3;20;15;0;45;8.23;820.00;1;0.99
6.00;8.46;806;143;0.00;0;0;1;0;100;3;20;15;0;45;8.43;811.00;27;0.81
0.00;8.63;407;125;0.00;1;0;1;200;200;2;20;15;0;45;7.90;787.00;11;0.91
0.00;8.63;407;125;0.00;1;0;1;200;200;2;20;15;0;45;7.91;759.00;12;0.90
0.00;8.63;407;125;0.00;1;0;1;200;200;2;20;15;0;45;7.90;773.00;9;0.92
0.00;8.63;407;125;0.00;1;0;1;200;200;2;20;15;0;45;;;9;0.92
0.00;8.63;407;125;0.00;1;0;1;0;200;2;20;15;0;45;8.54;410.00;50;0.60
0.00;8.63;407;125;0.00;1;0;1;200;200;3;20;15;0;45;7.93;783.00;11;0.91
0.00;8.63;407;125;0.00;1;0;1;200;200;3;20;15;0;45;7.92;760.00;15;0.88
0.00;8.63;407;125;0.00;1;0;1;200;200;3;20;15;0;45;;;12;0.90
0.00;8.63;407;125;0.00;1;0;1;0;200;3;20;15;0;45;8.56;412.00;53;0.57
15.00;8.63;407;125;0.00;1;0;0;200;200;3;20;15;0;45;7.84;761.00;23;0.81
15.00;8.63;407;125;0.00;1;0;0;200;200;3;20;15;0;45;7.92;781.00;15;0.88
15.00;8.63;407;125;0.00;1;0;0;200;200;3;20;15;0;45;7.82;775.00;12;0.90
15.00;8.63;407;125;23.00;0;0;0;5;200;3;20;15;0;45;7.80;424.00;8;0.93
15.00;8.63;407;125;23.00;0;0;0;5;200;3;20;15;0;45;7.82;426.00;8;0.93
15.00;8.63;407;125;0.00;1;0;0;0;200;3;20;15;0;45;8.36;421.00;57;0.54
0.00;8.77;411;128;0.00;1;0;0;200;100;3;20;15;0;45;7.67;769.00;29;0.77
0.00;8.77;411;128;0.00;1;0;0;200;100;3;20;15;0;45;7.72;779.00;31;0.75
0.00;8.77;411;128;0.00;1;0;0;200;100;3;20;15;0;45;7.83;679.00;20;0.84
0.00;8.77;411;128;0.00;1;0;0;0;100;3;20;15;0;45;8.52;417.00;55;0.57
4.00;8.77;411;128;0.00;1;0;1;200;200;2;20;15;0;45;7.99;759.00;28;0.78
4.00;8.77;411;128;0.00;1;0;1;200;200;2;20;15;0;45;8.06;763.00;29;0.77
4.00;8.77;411;128;0.00;1;0;1;200;200;2;20;15;0;45;8.05;760.00;30;0.76
4.00;8.77;411;128;0.00;1;0;1;200;200;2;20;15;0;45;8.04;771.00;39;0.69
4.00;8.77;411;128;0.00;1;0;1;200;200;2;20;15;0;45;8.02;772.00;24;0.81
4.00;8.77;411;128;0.00;1;0;1;0;200;2;20;15;0;45;8.45;421.00;57;0.55
4.00;8.77;411;128;0.00;0;0;1;200;200;2;20;15;0;45;8.09;742.00;22;0.82
4.00;8.77;411;128;0.00;0;0;1;250;200;2;20;15;0;45;7.95;848.00;29;0.77
4.00;8.77;411;128;0.00;0;0;1;300;200;2;20;15;0;45;7.92;913.00;19;0.85
4.00;8.77;411;128;0.00;0;0;1;350;200;2;20;15;0;45;7.83;979.00;20;0.84
4.00;8.77;411;128;0.00;0;0;1;400;200;2;20;15;0;45;7.75;1039.00;25;0.80
4.00;8.77;411;128;0.00;0;0;1;0;200;2;20;15;0;45;8.36;423.00;59;0.53
0.00;8.40;749;134;27.00;0;0;1;50;100;1;20;15;0;45;8.30;778.00;20;0.85
0.00;8.40;749;134;27.00;0;0;1;100;100;1;20;15;0;45;8.30;879.00;28;0.79
0.00;8.40;749;134;27.00;0;0;1;200;100;1;20;15;0;45;8.30;987.00;35;0.73
0.00;8.40;749;134;27.00;0;0;1;300;100;1;20;15;0;45;8.30;1100.00;38;0.71
0.00;8.40;749;134;27.00;0;0;1;400;100;1;20;15;0;45;8.20;1227.00;42;0.68
0.00;8.40;749;134;27.00;0;0;1;0;100;1;20;15;0;45;8.40;754.00;15;0.88
0.00;8.50;414;142;0.00;0;0;1;100;100;1;20;15;0;30;8.40;415.00;53;0.62
0.00;8.50;414;142;0.00;0;0;1;200;100;1;20;15;0;30;8.40;417.00;48;0.66
0.00;8.50;414;142;0.00;0;0;1;300;100;1;20;15;0;30;8.30;418.00;48;0.66
0.00;8.50;414;142;0.00;0;0;1;400;100;1;20;15;0;30;8.40;420.00;48;0.66
0.00;8.50;414;142;0.00;0;0;1;600;100;1;20;15;0;30;8.30;423.00;48;0.66
0.00;8.50;414;142;0.00;0;0;1;0;100;1;20;15;0;30;8.40;414.00;48;0.66
0.00;8.40;749;134;0.00;0;0;1;100;100;1;20;15;0;30;8.30;752.00;29;0.78
0.00;8.40;749;134;0.00;0;0;1;200;100;1;20;15;0;30;8.30;751.00;29;0.78
0.00;8.40;749;134;0.00;0;0;1;300;100;1;20;15;0;30;8.30;752.00;30;0.77
0.00;8.40;749;134;0.00;0;0;1;400;100;1;20;15;0;30;8.30;753.00;27;0.79
0.00;8.40;749;134;0.00;0;0;1;600;100;1;20;15;0;30;8.30;755.00;27;0.79
0.00;8.40;749;134;0.00;0;0;1;0;100;1;20;15;0;30;8.40;751.00;26;0.80
0.00;8.50;414;142;-1.00;0;0;0;10;100;1;20;15;0;45;8.30;420.00;62;0.56
0.00;8.50;414;142;-1.00;0;0;0;20;100;1;20;15;0;45;8.40;420.00;57;0.59
0.00;8.50;414;142;-1.00;0;0;0;60;100;1;20;15;0;45;8.30;428.00;57;0.59
0.00;8.50;414;142;-1.00;0;0;0;100;100;1;20;15;0;45;8.30;434.00;53;0.62
0.00;8.50;414;142;-1.00;0;0;0;200;100;1;20;15;0;45;8.10;448.00;60;0.57
0.00;8.50;414;142;-1.00;0;0;0;0;100;1;20;15;0;45;8.40;415.00;55;0.61
1.00;8.40;749;134;0.00;0;0;0;10;100;1;20;15;0;5;8.40;752.00;37;0.72
1.00;8.40;749;134;0.00;0;0;0;20;100;1;20;15;0;5;8.30;757.00;36;0.73
1.00;8.40;749;134;0.00;0;0;0;60;100;1;20;15;0;5;8.30;757.00;26;0.80
1.00;8.40;749;134;0.00;0;0;0;100;100;1;20;15;0;5;8.30;760.00;25;0.81
1.00;8.40;749;134;0.00;0;0;0;200;100;1;20;15;0;5;8.30;774.00;23;0.82
1.00;8.40;749;134;0.00;0;0;0;0;100;1;20;15;0;5;8.40;753.00;36;0.73
15.00;8.40;749;134;0.00;0;0;0;200;100;1;20;15;0;25;8.20;777.00;18;0.86
15.00;8.40;749;134;0.00;0;0;0;250;100;1;20;15;0;25;8.20;774.00;20;0.85
15.00;8.40;749;134;0.00;0;0;0;300;100;1;20;15;0;25;8.10;786.00;22;0.83
15.00;8.40;749;134;0.00;0;0;0;350;100;1;20;15;0;25;8.10;790.00;23;0.82
15.00;8.40;749;134;0.00;0;0;0;400;100;1;20;15;0;25;8.10;791.00;24;0.82
15.00;8.40;749;134;0.00;0;0;0;0;100;1;20;15;0;25;8.20;755.00;39;0.70
15.00;8.40;749;134;0.00;0;0;0;50;100;1;20;15;0;45;8.20;801.00;22;0.83
15.00;8.40;749;134;0.00;0;0;0;100;100;1;20;15;0;45;8.20;854.00;23;0.82
15.00;8.40;749;134;0.00;0;0;0;200;100;1;20;15;0;45;8.20;947.00;24;0.82
15.00;8.40;749;134;0.00;0;0;0;300;100;1;20;15;0;45;8.10;1072.00;24;0.82
15.00;8.40;749;134;0.00;0;0;0;0;100;1;20;15;0;45;8.20;755.00;46;0.65
19.00;8.50;414;142;0.00;0;0;0;50;100;1;20;15;0;30;8.10;483.00;60;0.57
19.00;8.50;414;142;0.00;0;0;0;100;100;1;20;15;0;30;8.40;457.00;61;0.57
19.00;8.50;414;142;0.00;0;0;0;150;100;1;20;15;0;30;8.20;631.00;51;0.64
19.00;8.50;414;142;0.00;0;0;0;200;100;1;20;15;0;30;8.10;684.00;49;0.65
19.00;8.50;414;142;0.00;0;0;0;250;100;1;20;15;0;30;8.00;769.00;54;0.61
19.00;8.50;414;142;0.00;0;0;0;0;100;1;20;15;0;30;8.40;421.00;60;0.57
19.00;8.40;749;134;0.00;0;0;0;50;100;1;20;15;0;15;8.20;756.00;23;0.82
19.00;8.40;749;134;0.00;0;0;0;10;100;1;20;15;0;15;8.20;761.00;30;0.77
19.00;8.40;749;134;0.00;0;0;0;20;100;1;20;15;0;15;8.20;775.00;23;0.82
19.00;8.40;749;134;0.00;0;0;0;60;100;1;20;15;0;15;8.20;812.00;19;0.85
19.00;8.40;749;134;0.00;0;0;0;250;100;1;20;15;0;15;8.20;1061.00;22;0.83
19.00;8.40;749;134;0.00;0;0;0;350;100;1;20;15;0;15;8.10;1187.00;25;0.81
2.00;8.00;398;14;0.00;0;0;0;100;100;1;20;15;0;45;7.80;401.00;8;0.42
2.00;8.00;398;14;0.00;0;0;0;200;100;1;20;15;0;45;7.80;423.00;14;0.00
2.00;8.00;398;14;0.00;0;0;0;250;100;1;20;15;0;45;7.70;431.00;16;-0.14
2.00;8.00;398;14;0.00;0;0;0;300;100;1;20;15;0;45;7.70;437.00;19;-0.35
2.00;8.00;398;14;0.00;0;0;0;350;100;1;20;15;0;45;7.70;440.00;21;-0.50
2.00;8.00;398;14;0.00;0;0;0;0;100;1;20;15;0;45;7.80;397.00;7;0.50
1.00;8.20;749;123;2.00;0;0;0;100;100;1;25;15;0;45;8.20;752.00;24;0.80
1.00;8.20;749;123;2.00;0;0;0;150;100;1;25;15;0;45;8.20;761.00;20;0.83
1.00;8.20;749;123;2.00;0;0;0;200;100;1;25;15;0;45;8.20;768.00;22;0.82
1.00;8.20;749;123;2.00;0;0;0;250;100;1;25;15;0;45;8.20;773.00;19;0.84
1.00;8.20;749;123;2.00;0;0;0;350;100;1;25;15;0;45;8.20;777.00;17;0.86
1.00;8.20;749;123;2.00;0;0;0;0;100;1;25;15;0;45;8.30;748.00;17;0.86
1.00;8.20;749;123;2.00;0;0;0;100;200;1;40;15;0;15;8.30;757.00;15;0.87
1.00;8.20;749;123;2.00;0;0;0;150;200;1;40;15;0;15;8.30;761.00;15;0.87
1.00;8.20;749;123;2.00;0;0;0;200;200;1;40;15;0;15;8.30;767.00;16;0.86
1.00;8.20;749;123;2.00;0;0;0;250;200;1;40;15;0;15;8.20;775.00;20;0.83
1.00;8.20;749;123;2.00;0;0;0;350;200;1;40;15;0;15;8.20;780.00;19;0.84
1.00;8.20;749;123;2.00;0;0;0;0;200;1;40;15;0;15;8.30;746.00;20;0.83
2.00;8.20;749;123;3.00;0;0;0;100;200;1;60;15;0;15;8.30;758.00;14;0.88
2.00;8.20;749;123;3.00;0;0;0;150;200;1;60;15;0;15;8.30;761.00;15;0.87
2.00;8.20;749;123;3.00;0;0;0;200;200;1;60;15;0;15;8.30;772.00;16;0.86
2.00;8.20;749;123;3.00;0;0;0;250;200;1;60;15;0;15;8.20;771.00;17;0.86
2.00;8.20;749;123;3.00;0;0;0;300;200;1;60;15;0;15;8.20;774.00;19;0.84
2.00;8.20;749;123;3.00;0;0;0;0;200;1;60;15;0;15;8.30;747.00;24;0.80
2.00;8.20;749;123;-5.00;0;0;0;200;100;1;20;15;0;15;8.30;762.00;19;0.84
2.00;8.20;749;123;-5.00;0;0;0;200;100;1;20;15;0;15;8.30;768.00;17;0.86
2.00;8.20;749;123;-5.00;0;0;0;200;100;1;20;15;0;15;8.30;766.00;19;0.84
1.00;8.50;409;139;0.00;0;0;1;50;100;1;20;15;0;45;8.30;421.00;66;0.52
1.00;8.50;409;139;0.00;0;0;1;100;100;1;20;15;0;45;8.20;420.00;67;0.51
1.00;8.50;409;139;0.00;0;0;1;150;100;1;20;15;0;45;8.00;420.00;65;0.53
1.00;8.50;409;139;0.00;0;0;1;200;100;1;20;15;0;45;7.90;419.00;72;0.48
1.00;8.50;409;139;0.00;0;0;1;250;100;1;20;15;0;45;7.80;419.00;80;0.42
1.00;8.50;409;139;0.00;0;0;1;0;100;1;20;15;0;45;8.50;421.00;55;0.60
1.00;8.20;749;123;0.00;0;0;1;50;100;1;25;15;0;45;8.30;748.00;15;0.87
1.00;8.20;749;123;0.00;0;0;1;100;100;1;25;15;0;45;8.30;748.00;15;0.87
1.00;8.20;749;123;0.00;0;0;1;150;100;1;25;15;0;45;8.30;750.00;15;0.87
1.00;8.20;749;123;0.00;0;0;1;200;100;1;25;15;0;45;8.30;748.00;14;0.88
1.00;8.20;749;123;0.00;0;0;1;250;100;1;25;15;0;45;8.30;751.00;10;0.91
1.00;8.20;749;123;0.00;0;0;1;0;100;1;25;15;0;45;8.30;749.00;21;0.82
0.00;4.00;413;150;0.00;0;0;1;30;100;1;20;15;0;45;5.90;496.00;23;0.84
0.00;5.00;413;150;0.00;0;0;1;30;100;1;20;15;0;45;6.00;480.00;29;0.80
0.00;6.00;413;150;0.00;0;0;1;30;100;1;20;15;0;45;6.50;455.00;55;0.63
0.00;7.00;413;150;0.00;0;0;1;30;100;1;20;15;0;45;7.40;430.00;58;0.61
0.00;8.30;413;150;0.00;0;0;1;30;100;1;20;15;0;45;8.30;422.00;52;0.65
0.00;8.30;413;150;0.00;0;0;1;0;100;1;20;15;0;45;8.40;422.00;50;0.66
1.00;8.20;749;123;0.00;0;0;1;50;100;1;20;15;0;45;8.20;746.00;28;0.77
1.00;8.20;749;123;0.00;0;0;1;100;100;1;20;15;0;45;8.30;747.00;22;0.82
1.00;8.20;749;123;0.00;0;0;1;200;100;1;20;15;0;45;8.30;751.00;14;0.88
1.00;8.20;749;123;0.00;0;0;1;250;100;1;20;15;0;45;8.30;752.00;13;0.89
1.00;8.20;749;123;0.00;0;0;1;0;100;1;20;15;0;45;8.30;749.00;25;0.79
3.00;9.60;315;131;0.00;0;0;1;100;100;1;20;15;0;45;9.20;323.00;52;0.60
3.00;9.60;315;131;0.00;0;0;1;150;100;1;20;15;0;45;9.00;326.00;57;0.56
3.00;9.60;315;131;0.00;0;0;1;200;100;1;20;15;0;45;8.80;330.00;56;0.57
3.00;9.60;315;131;0.00;0;0;1;250;100;1;20;15;0;45;8.50;334.00;57;0.56
3.00;9.60;315;131;0.00;0;0;1;300;100;1;20;15;0;45;8.20;338.00;56;0.57
3.00;9.60;315;131;0.00;0;0;1;0;100;1;20;15;0;45;9.40;317.00;45;0.65
3.00;9.60;315;131;0.00;0;0;1;100;100;1;25;15;0;30;9.10;443.00;29;0.77
3.00;9.60;315;131;0.00;0;0;1;150;100;1;25;15;0;30;8.90;509.00;23;0.82
3.00;9.60;315;131;0.00;0;0;1;200;100;1;25;15;0;30;8.60;562.00;22;0.83
3.00;9.60;315;131;0.00;0;0;1;250;100;1;25;15;0;30;8.30;633.00;17;0.87
3.00;9.60;315;131;0.00;0;0;1;300;100;1;25;15;0;30;7.90;709.00;12;0.90
3.00;9.60;315;131;0.00;0;0;1;0;100;1;25;15;0;30;9.30;314.00;50;0.61
1.00;8.30;727;150;0.00;0;0;1;100;100;1;20;15;0;45;8.30;739.00;22;0.85
1.00;8.30;727;150;0.00;0;0;1;150;100;1;20;15;0;45;8.20;742.00;23;0.84
1.00;8.30;727;150;0.00;0;0;1;200;100;1;20;15;0;45;8.20;747.00;24;0.84
1.00;8.30;727;150;0.00;0;0;1;250;100;1;20;15;0;45;8.20;744.00;25;0.83
1.00;8.30;727;150;0.00;0;0;1;300;100;1;20;15;0;45;8.20;752.00;26;0.82
1.00;8.30;727;150;0.00;0;0;1;0;100;1;20;15;0;45;8.30;731.00;23;0.84
1.00;8.30;727;150;0.00;0;0;1;100;100;1;25;15;0;30;8.30;857.00;11;0.92
1.00;8.30;727;150;0.00;0;0;1;150;100;1;25;15;0;30;8.20;913.00;9;0.94
1.00;8.30;727;150;0.00;0;0;1;200;100;1;25;15;0;30;8.20;978.00;7;0.95
1.00;8.30;727;150;0.00;0;0;1;250;100;1;25;15;0;30;8.20;1029.00;9;0.94
1.00;8.30;727;150;0.00;0;0;1;300;100;1;25;15;0;30;8.10;1105.00;9;0.94
1.00;8.30;727;150;0.00;0;0;1;0;100;1;25;15;0;30;8.30;731.00;23;0.84
0.00;8.50;409;139;0.00;0;0;1;20;200;1;30;25;0;30;7.70;416.00;64;0.53
0.00;8.50;409;139;0.00;0;0;1;40;200;1;30;25;0;30;8.30;418.00;74;0.46
0.00;8.50;409;139;0.00;0;0;1;60;200;1;30;25;0;30;8.30;418.00;80;0.42
0.00;8.50;409;139;0.00;0;0;1;80;200;1;30;25;0;30;8.30;417.00;84;0.39
0.00;8.50;409;139;0.00;0;0;1;100;200;1;30;25;0;30;8.20;413.00;95;0.31
0.00;8.50;409;139;0.00;0;0;1;0;200;1;30;25;0;30;8.40;419.00;54;0.61
1.00;8.50;409;139;0.00;0;0;1;40;200;1;30;25;0;30;8.30;663.00;63;0.54
1.00;8.50;409;139;0.00;0;0;1;60;200;1;30;25;0;30;8.30;769.00;68;0.51
1.00;8.50;409;139;0.00;0;0;1;80;200;1;30;25;0;30;8.30;925.00;72;0.48
0.00;8.40;427;103;0.00;0;0;0;20;100;1;20;15;0;45;8.20;422.00;54;0.47
0.00;8.40;427;103;0.00;0;0;0;50;100;1;20;15;0;45;8.20;420.00;55;0.46
0.00;8.40;427;103;0.00;0;0;0;100;100;1;20;15;0;45;8.20;419.00;55;0.46
0.00;8.40;427;103;0.00;0;0;0;150;100;1;20;15;0;45;8.20;419.00;55;0.46
0.00;8.40;427;103;0.00;0;0;0;200;100;1;20;15;0;45;8.10;418.00;58;0.43
0.00;8.40;427;103;0.00;0;0;0;0;100;1;20;15;0;45;8.40;421.00;48;0.53
19.00;8.40;749;134;0.00;0;0;1;20;100;1;20;15;0;45;8.20;755.00;11;0.91
19.00;8.40;749;134;0.00;0;0;1;60;100;1;20;15;0;45;8.20;746.00;15;0.88
19.00;8.40;749;134;0.00;0;0;1;100;100;1;20;15;0;45;8.20;751.00;14;0.89
19.00;8.40;749;134;0.00;0;0;1;200;100;1;20;15;0;45;8.20;750.00;11;0.91
15.00;8.50;409;139;0.00;0;0;0;50;100;1;20;15;0;45;8.40;425.00;63;0.54
15.00;8.50;409;139;0.00;0;0;0;100;100;1;20;15;0;45;8.40;423.00;60;0.56
15.00;8.50;409;139;0.00;0;0;0;150;100;1;20;15;0;45;8.40;422.00;60;0.56
4.00;8.70;405;142;0.00;0;0;1;200;50;1;20;15;0;45;7.60;765.00;16;0.88
4.00;8.70;405;142;0.00;0;0;1;200;50;1;20;15;0;45;7.40;781.00;7;0.95
4.00;8.70;405;142;0.00;0;0;1;200;50;1;20;15;0;45;7.20;761.00;5;0.96
4.00;8.70;405;142;0.00;0;0;1;200;50;1;20;15;0;45;7.00;802.00;6;0.95
4.00;8.70;405;142;0.00;0;0;1;200;50;1;20;15;0;45;6.90;833.00;8;0.94
0.00;6.70;446;139;0.00;0;0;1;200;100;1;20;15;0;45;6.60;899.00;43;0.69
0.00;6.70;446;139;0.00;0;0;1;200;100;1;20;15;0;45;6.50;921.00;44;0.68
0.00;6.70;446;139;0.00;0;0;1;200;100;1;20;15;0;45;6.40;931.00;43;0.69
0.00;6.70;446;139;0.00;0;0;1;200;100;1;20;15;0;45;6.40;957.00;46;0.66
0.00;6.70;446;139;0.00;0;0;1;200;100;1;20;15;0;45;6.30;970.00;44;0.68
0.00;8.30;465;170;0.00;0;0;1;200;100;1;20;60;0;45;7.40;854.00;3;0.98
0.00;8.30;465;170;0.00;0;0;1;200;100;1;20;60;0;45;7.10;859.00;5;0.97
0.00;8.30;465;170;0.00;0;0;1;200;100;1;20;60;0;45;6.90;877.00;7;0.95
0.00;8.30;465;170;0.00;0;0;1;200;100;1;20;60;0;45;6.80;892.00;9;0.94
1.00;8.60;524;149;1.00;0;0;1;200;100;1;20;90;0;45;7.60;842.00;8;0.94
1.00;8.60;524;149;1.00;0;0;1;200;100;1;20;90;0;45;7.40;831.00;3;0.97
1.00;8.60;524;149;1.00;0;0;1;200;100;1;20;90;0;45;7.10;845.00;4;0.97
1.00;8.60;524;149;1.00;0;0;1;200;100;1;20;90;0;45;6.90;849.00;5;0.96
1.00;8.60;524;149;1.00;0;0;1;200;100;1;20;90;0;45;6.80;867.00;8;0.94
1.00;8.30;411;150;0.00;0;0;1;200;100;1;20;120;0;45;8.00;790.00;8;0.94
1.00;8.30;411;150;0.00;0;0;1;200;100;1;20;120;0;45;7.70;813.00;2;0.98
1.00;8.30;411;150;0.00;0;0;1;200;100;1;20;120;0;45;7.60;836.00;2;0.98
1.00;8.30;411;150;0.00;0;0;1;200;100;1;20;120;0;45;7.50;840.00;3;0.98
1.00;8.30;411;150;0.00;0;0;1;200;100;1;20;120;0;45;7.20;858.00;3;0.98
16.00;8.60;420;158;;0;0;0;0;100;1;20;15;0;45;3.10;927.00;4;0.97
16.00;8.60;420;158;;0;0;0;0;100;1;20;15;0;45;5.80;597.00;5;0.96
16.00;8.60;420;158;;0;0;0;0;100;1;20;15;0;45;6.50;498.00;4;0.97
16.00;8.60;420;158;;0;0;0;0;100;1;20;15;0;45;7.40;453.00;4;0.97
0.00;8.20;404;141;-2.00;0;0;1;200;100;1;20;15;0;45;3.30;1157.00;19;0.86
0.00;8.20;404;141;-2.00;0;0;1;200;100;1;20;15;0;45;5.90;882.00;18;0.87
0.00;8.20;404;141;-2.00;0;0;1;200;100;1;20;15;0;45;6.00;863.00;17;0.87
0.00;8.20;404;141;-2.00;0;0;1;200;100;1;20;15;0;45;6.50;830.00;9;0.93
0.00;8.20;404;141;-2.00;0;0;1;200;100;1;20;15;0;45;7.70;798.00;6;0.95
0.00;8.20;409;140;-2.00;0;0;1;200;100;1;20;15;0;45;7.80;796.00;11;0.92
0.00;8.20;409;140;-2.00;0;0;1;200;100;1;20;15;0;45;8.70;815.00;9;0.93
0.00;8.20;409;140;-2.00;0;0;1;200;100;1;20;15;0;45;10.00;984.00;3;0.97
0.00;8.20;409;140;-2.00;0;0;1;200;100;1;20;15;0;45;11.10;1191.00;4;0.97
0.00;8.20;409;140;-2.00;0;0;1;200;100;1;20;15;0;45;11.80;2450.00;5;0.96
2.00;8.50;416;160;0.00;0;0;1;200;100;1;20;15;0;45;7.60;754.00;10;0.93
2.00;8.50;416;160;0.00;0;0;1;200;100;1;20;15;0;45;7.70;776.00;6;0.96
2.00;8.50;416;160;0.00;0;0;1;200;100;1;20;15;0;45;7.70;784.00;5;0.96
2.00;8.50;416;160;0.00;0;0;1;200;100;1;20;15;0;45;7.60;781.00;4;0.97
17.00;8.60;393;154;0.00;0;0;1;200;100;1;20;30;0;45;7.20;772.00;30;0.80
17.00;8.60;393;154;0.00;0;0;1;200;100;1;20;30;0;45;7.00;775.00;40;0.74
17.00;8.60;393;154;0.00;0;0;1;200;100;1;20;30;0;45;6.80;790.00;38;0.75
17.00;8.60;393;154;0.00;0;0;1;200;100;1;20;30;0;45;6.70;793.00;33;0.78
17.00;8.60;393;154;0.00;0;0;1;200;100;1;20;30;0;45;6.60;821.00;27;0.82
17.00;8.50;397;143;0.00;0;0;1;200;100;1;20;15;0;45;7.80;761.00;7;0.95
17.00;8.50;397;143;0.00;0;0;1;200;100;1;20;15;0;45;7.70;762.00;4;0.97
17.00;8.50;397;143;0.00;0;0;1;200;100;1;20;15;0;45;7.70;761.00;4;0.97
17.00;8.50;397;143;0.00;0;0;1;200;100;1;20;15;0;45;7.70;762.00;4;0.97
17.00;8.50;397;143;0.00;0;0;1;200;100;1;20;15;0;45;7.60;755.00;5;0.96
0.00;8.50;410;148;;0;0;0;0;100;1;20;15;0;45;6.70;448.00;34;0.77
0.00;8.50;410;148;0.00;0;0;1;20;100;1;20;15;0;45;6.40;491.00;25;0.83
0.00;8.50;410;148;0.00;0;0;1;50;100;1;20;15;0;45;6.70;546.00;22;0.85
0.00;8.50;410;148;0.00;0;0;1;100;100;1;20;15;0;45;6.70;632.00;19;0.87
0.00;8.50;410;148;0.00;0;0;1;150;100;1;20;15;0;45;6.70;710.00;14;0.90
0.00;8.30;417;163;0.00;0;0;1;400;100;1;20;15;0;45;6.80;600.00;27;0.83
0.00;8.30;417;163;0.00;0;0;1;600;100;1;20;15;0;45;6.80;662.00;31;0.80
0.00;8.30;417;163;0.00;0;0;1;1000;100;1;20;15;0;45;6.70;799.00;39;0.76
0.00;8.30;417;163;0.00;0;0;1;1500;100;1;20;15;0;45;6.60;974.00;39;0.76
0.00;8.30;417;163;0.00;0;0;1;2000;100;1;20;15;0;45;6.60;1115.00;30;0.81
0.00;8.40;410;151;;0;0;0;0;100;1;20;15;0;45;7.80;414.00;6;0.96
0.00;8.40;410;151;0.00;0;0;1;20;100;1;20;15;0;45;7.80;450.00;9;0.94
0.00;8.40;410;151;0.00;0;0;1;50;100;1;20;15;0;45;7.70;505.00;10;0.93
0.00;8.40;410;151;0.00;0;0;1;100;100;1;20;15;0;45;7.70;594.00;6;0.96
0.00;8.40;410;151;0.00;0;0;1;150;100;1;20;15;0;45;7.60;680.00;6;0.96
15.00;8.40;417;145;0.00;0;0;1;200;100;1;20;15;0;45;7.60;489.00;13;0.91
15.00;8.40;417;145;0.00;0;0;1;300;100;1;20;15;0;45;7.50;528.00;11;0.92
15.00;8.40;417;145;0.00;0;0;1;500;100;1;20;15;0;45;7.60;598.00;12;0.91
15.00;8.40;417;145;0.00;0;0;1;750;100;1;20;15;0;45;7.50;687.00;9;0.93
15.00;8.40;417;145;0.00;0;0;1;1000;100;1;20;15;0;45;7.30;791.00;8;0.94
1.00;8.40;417;145;1.00;0;0;1;200;100;1;20;15;0;45;7.80;771.00;5;0.96
1.00;8.40;417;145;1.00;0;0;1;200;100;1;20;15;0;45;7.80;769.00;5;0.96
1.00;8.40;417;145;1.00;0;0;1;200;100;1;20;15;0;45;7.70;779.00;5;0.96
1.00;8.40;417;145;1.00;0;0;1;200;100;1;20;15;0;45;7.70;772.00;5;0.96
1.00;8.40;417;145;1.00;0;0;1;200;100;1;20;15;0;45;7.60;758.00;6;0.95
0.00;8.50;412;144;1.00;0;0;1;200;100;1;20;15;0;45;7.40;755.00;25;0.82
0.00;8.50;412;144;1.00;0;0;1;200;100;1;20;15;0;45;7.10;765.00;49;0.65
0.00;8.50;412;144;1.00;0;0;1;200;100;1;20;15;0;45;6.80;765.00;56;0.61
0.00;8.50;412;144;1.00;0;0;1;200;100;1;20;15;0;45;6.70;772.00;64;0.55
0.00;8.50;412;144;1.00;0;0;1;200;100;1;20;15;0;45;6.70;781.00;70;0.51
1.00;8.60;451;137;2.00;0;0;1;200;100;1;20;15;0;45;6.40;798.00;67;0.51
1.00;8.60;451;137;2.00;0;0;1;200;100;1;20;15;0;45;6.50;817.00;67;0.51
1.00;8.60;451;137;2.00;0;0;1;200;100;1;20;15;0;45;6.50;833.00;71;0.48
1.00;8.60;451;137;2.00;0;0;1;200;100;1;20;15;0;45;6.40;853.00;68;0.50
1.00;8.60;451;137;2.00;0;0;1;200;100;1;20;15;0;45;6.40;855.00;67;0.51
1.00;8.40;403;151;0.00;0;0;1;200;100;1;20;30;0;45;7.40;776.00;3;0.98
1.00;8.40;403;151;0.00;0;0;1;200;100;1;20;30;0;45;7.20;786.00;4;0.97
1.00;8.40;403;151;0.00;0;0;1;200;100;1;20;30;0;45;6.90;800.00;6;0.96
1.00;8.40;403;151;0.00;0;0;1;200;100;1;20;30;0;45;6.80;807.00;9;0.94
32.00;8.40;403;151;31.00;0;0;1;200;100;1;20;30;0;45;6.80;805.00;13;0.91
4.00;8.70;453;139;4.00;0;0;1;200;100;1;20;45;0;45;7.30;761.00;14;0.89
4.00;8.70;453;139;4.00;0;0;1;200;100;1;20;45;0;45;7.10;788.00;20;0.85
4.00;8.70;453;139;4.00;0;0;1;200;100;1;20;45;0;45;7.00;797.00;18;0.87
4.00;8.70;453;139;4.00;0;0;1;200;100;1;20;45;0;45;6.70;795.00;15;0.89
4.00;8.70;453;139;4.00;0;0;1;200;100;1;20;45;0;45;6.50;808.00;13;0.90
4.00;8.50;405;146;0.00;0;0;1;200;100;1;20;60;0;45;7.40;815.00;4;0.97
4.00;8.50;405;146;0.00;0;0;1;200;100;1;20;60;0;45;7.10;824.00;3;0.97
4.00;8.50;405;146;0.00;0;0;1;200;100;1;20;60;0;45;6.70;847.00;4;0.97
4.00;8.50;405;146;0.00;0;0;1;200;100;1;20;60;0;45;6.60;850.00;4;0.97
4.00;8.50;405;146;0.00;0;0;1;200;100;1;20;60;0;45;6.60;856.00;6;0.95
4.00;8.40;409;150;0.00;0;0;1;200;100;1;20;90;0;45;7.30;805.00;4;0.97
4.00;8.40;409;150;0.00;0;0;1;200;100;1;20;90;0;45;7.10;828.00;3;0.98
4.00;8.40;409;150;0.00;0;0;1;200;100;1;20;90;0;45;6.80;836.00;3;0.98
4.00;8.40;409;150;0.00;0;0;1;200;100;1;20;90;0;45;6.60;848.00;4;0.97
4.00;8.40;409;150;0.00;0;0;1;200;100;1;20;90;0;45;6.50;856.00;5;0.96
2.00;8.40;415;156;0.00;0;0;1;200;100;1;20;120;0;45;7.50;765.00;2;0.98
2.00;8.40;415;156;0.00;0;0;1;200;100;1;20;120;0;45;7.40;783.00;1;0.99
2.00;8.40;415;156;0.00;0;0;1;200;100;1;20;120;0;45;7.20;788.00;1;0.99
2.00;8.40;415;156;0.00;0;0;1;200;100;1;20;120;0;45;7.00;800.00;2;0.98
2.00;8.40;415;156;0.00;0;0;1;200;100;1;20;120;0;45;6.70;805.00;2;0.98
1.00;8.50;409;145;1.00;0;0;1;200;100;1;20;15;0;45;8.20;754.00;6;0.95
1.00;8.50;409;145;1.00;0;0;1;200;100;1;20;15;0;45;8.10;767.00;6;0.95
1.00;8.50;409;145;1.00;0;0;1;200;100;1;20;15;0;45;7.90;766.00;5;0.96
1.00;8.50;409;145;1.00;0;0;1;200;100;1;20;15;0;45;8.10;777.00;4;0.97
1.00;8.50;409;145;1.00;0;0;1;200;100;1;20;15;0;45;7.70;768.00;4;0.97
2.00;8.40;411;154;;0;0;0;0;100;1;20;15;0;45;7.50;414.00;8;0.94
2.00;8.40;411;154;0.00;0;0;1;20;100;1;20;15;0;45;7.50;450.00;9;0.94
2.00;8.40;411;154;0.00;0;0;1;50;100;1;20;15;0;45;7.50;502.00;9;0.94
2.00;8.40;411;154;0.00;0;0;1;100;100;1;20;15;0;45;7.50;591.00;6;0.96
2.00;8.40;411;154;0.00;0;0;1;150;100;1;20;15;0;45;7.50;682.00;4;0.97
3.00;8.50;416;137;0.00;0;0;1;200;100;1;20;15;0;45;7.40;494.00;13;0.90
3.00;8.50;416;137;0.00;0;0;1;300;100;1;20;15;0;45;7.40;527.00;13;0.90
3.00;8.50;416;137;0.00;0;0;1;500;100;1;20;15;0;45;7.40;599.00;14;0.89
3.00;8.50;416;137;0.00;0;0;1;750;100;1;20;15;0;45;7.30;695.00;20;0.85
3.00;8.50;416;137;0.00;0;0;1;1000;100;1;20;15;0;45;7.20;791.00;21;0.84
3.00;8.40;416;148;0.00;0;0;1;200;100;1;20;15;0;45;3.20;1400.00;24;0.83
3.00;8.40;416;148;0.00;0;0;1;200;100;1;20;15;0;45;5.30;948.00;48;0.67
3.00;8.40;416;148;0.00;0;0;1;200;100;1;20;15;0;45;5.60;866.00;51;0.65
3.00;8.40;416;148;0.00;0;0;1;200;100;1;20;15;0;45;6.00;845.00;47;0.68
3.00;8.40;416;148;0.00;0;0;1;200;100;1;20;15;0;45;6.90;799.00;14;0.90
5.00;8.60;407;143;0.00;0;0;1;200;100;1;20;15;0;45;7.90;743.00;4;0.97
5.00;8.60;407;143;0.00;0;0;1;200;100;1;20;15;0;45;8.70;803.00;5;0.96
5.00;8.60;407;143;0.00;0;0;1;200;100;1;20;15;0;45;9.80;860.00;3;0.97
5.00;8.60;407;143;0.00;0;0;1;200;100;1;20;15;0;45;10.80;1087.00;5;0.96
5.00;8.60;407;143;0.00;0;0;1;200;100;1;20;15;0;45;11.80;2930.00;14;0.90
0.00;8.70;402;136;0.00;0;0;1;200;100;1;20;15;0;45;7.90;484.00;17;0.87
0.00;8.70;402;136;0.00;0;0;1;300;100;1;20;15;0;45;7.80;521.00;24;0.82
0.00;8.70;402;136;0.00;0;0;1;500;100;1;20;15;0;45;7.60;598.00;29;0.78
0.00;8.70;402;136;0.00;0;0;1;750;100;1;20;15;0;45;7.40;689.00;30;0.77
0.00;8.70;402;136;0.00;0;0;1;1000;100;1;20;15;0;45;7.30;772.00;25;0.81
0.00;8.70;402;136;0.00;0;0;1;0;100;1;20;15;0;45;8.00;412.00;15;0.88
0.00;8.70;402;136;0.00;0;0;1;20;100;1;20;15;0;45;7.90;437.00;17;0.87
0.00;8.70;402;136;0.00;0;0;1;50;100;1;20;15;0;45;7.90;499.00;12;0.91
0.00;8.70;402;136;0.00;0;0;1;100;100;1;20;15;0;45;7.90;588.00;8;0.94
0.00;8.70;402;136;0.00;0;0;1;150;100;1;20;15;0;45;7.90;671.00;5;0.96
0.00;8.30;408;146;0.00;0;0;1;200;100;1;20;15;0;45;7.60;767.00;10;0.93
0.00;8.30;408;146;0.00;0;0;1;200;100;1;20;15;0;45;7.70;767.00;10;0.93
0.00;8.30;408;146;0.00;0;0;1;200;100;1;20;15;0;45;7.60;767.00;9;0.93
0.00;8.30;408;146;0.00;0;0;1;200;100;1;20;15;0;45;7.60;775.00;11;0.92
0.00;8.30;408;146;0.00;0;0;1;200;100;1;20;15;0;45;7.70;779.00;12;0.91
0.00;8.40;407;136;0.00;0;0;1;200;100;1;20;15;0;45;7.70;773.00;21;0.84
0.00;8.40;407;136;0.00;0;0;1;200;100;1;20;15;0;45;7.70;790.00;26;0.80
0.00;8.40;407;136;0.00;0;0;1;200;100;1;20;15;0;45;7.60;822.00;26;0.80
0.00;8.40;407;136;0.00;0;0;1;200;100;1;20;15;0;45;7.60;834.00;33;0.75
0.00;8.40;407;136;0.00;0;0;1;200;100;1;20;15;0;45;7.60;853.00;28;0.79
0.00;8.40;413;143;0.00;0;0;1;200;100;1;20;15;0;45;7.60;856.00;64;0.55
0.00;8.40;413;143;0.00;0;0;1;200;100;1;20;15;0;45;7.70;878.00;68;0.52
0.00;8.40;413;143;0.00;0;0;1;200;100;1;20;15;0;45;7.70;898.00;65;0.54
0.00;8.40;413;143;0.00;0;0;1;200;100;1;20;15;0;45;7.70;911.00;65;0.54
0.00;8.40;413;143;0.00;0;0;1;200;100;1;20;15;0;45;7.70;928.00;58;0.59
0.00;8.50;408;139;0.00;0;0;1;200;100;1;20;30;0;45;7.80;781.00;10;0.92
0.00;8.50;408;139;0.00;0;0;1;200;100;1;20;30;0;45;7.80;798.00;8;0.94
0.00;8.50;408;139;0.00;0;0;1;200;100;1;20;30;0;45;7.80;822.00;11;0.92
0.00;8.50;408;139;0.00;0;0;1;200;100;1;20;30;0;45;7.80;833.00;10;0.92
0.00;8.50;408;139;0.00;0;0;1;200;100;1;20;30;0;45;7.80;855.00;9;0.93
0.00;8.50;408;137;0.00;0;0;1;200;100;1;20;45;0;45;7.90;773.00;14;0.89
0.00;8.50;408;137;0.00;0;0;1;200;100;1;20;45;0;45;7.80;803.00;8;0.94
0.00;8.50;408;137;0.00;0;0;1;200;100;1;20;45;0;45;7.70;816.00;9;0.93
0.00;8.50;408;137;0.00;0;0;1;200;100;1;20;45;0;45;7.70;834.00;8;0.94
0.00;8.50;408;137;0.00;0;0;1;200;100;1;20;45;0;45;7.70;849.00;9;0.93
0.00;8.60;402;134;0.00;0;0;1;200;100;1;20;60;0;45;7.90;769.00;7;0.94
0.00;8.60;402;134;0.00;0;0;1;200;100;1;20;60;0;45;7.90;787.00;6;0.95
0.00;8.60;402;134;0.00;0;0;1;200;100;1;20;60;0;45;7.90;811.00;7;0.94
0.00;8.60;402;134;0.00;0;0;1;200;100;1;20;60;0;45;7.90;819.00;7;0.94
0.00;8.60;402;134;0.00;0;0;1;200;100;1;20;60;0;45;7.90;819.00;8;0.94
0.00;8.60;406;138;0.00;0;0;1;200;100;1;20;90;0;45;8.10;775.00;35;0.74
0.00;8.60;406;138;0.00;0;0;1;200;100;1;20;90;0;45;8.10;802.00;32;0.76
0.00;8.60;406;138;0.00;0;0;1;200;100;1;20;90;0;45;8.00;819.00;27;0.80
0.00;8.60;406;138;0.00;0;0;1;200;100;1;20;90;0;45;8.00;829.00;25;0.81
0.00;8.60;406;138;0.00;0;0;1;200;100;1;20;90;0;45;8.00;841.00;20;0.85
0.00;8.60;404;137;0.00;0;0;1;0;100;1;20;15;0;45;8.50;412.00;46;0.66
0.00;8.60;404;137;0.00;0;0;1;20;100;1;20;15;0;45;8.50;450.00;42;0.69
0.00;8.60;404;137;0.00;0;0;1;50;100;1;20;15;0;45;8.40;503.00;40;0.70
0.00;8.60;404;137;0.00;0;0;1;100;100;1;20;15;0;45;8.30;591.00;24;0.82
0.00;8.60;404;137;0.00;0;0;1;150;100;1;20;15;0;45;8.10;680.00;19;0.86
0.00;8.60;412;160;0.00;0;0;1;200;100;1;20;15;0;45;8.20;765.00;14;0.91
0.00;8.60;412;160;0.00;0;0;1;200;100;1;20;15;0;45;8.10;776.00;10;0.93
0.00;8.60;412;160;0.00;0;0;1;200;100;1;20;15;0;45;8.10;781.00;10;0.93
0.00;8.60;412;160;0.00;0;0;1;200;100;1;20;15;0;45;8.10;773.00;12;0.92
0.00;8.60;412;160;0.00;0;0;1;200;100;1;20;15;0;45;8.10;782.00;11;0.93
0.00;8.60;404;137;0.00;0;0;1;200;100;1;20;15;0;45;8.20;486.00;44;0.67
0.00;8.60;404;137;0.00;0;0;1;300;100;1;20;15;0;45;8.00;520.00;39;0.71
0.00;8.60;404;137;0.00;0;0;1;500;100;1;20;15;0;45;7.80;597.00;38;0.72
0.00;8.60;404;137;0.00;0;0;1;750;100;1;20;15;0;45;7.60;694.00;28;0.79
0.00;8.60;404;137;0.00;0;0;1;1000;100;1;20;15;0;45;7.50;777.00;25;0.81
6.00;8.60;375;137;0.00;0;0;1;200;100;1;20;15;0;45;3.20;1329.00;39;0.71
6.00;8.60;375;137;0.00;0;0;1;200;100;1;20;15;0;45;5.70;917.00;41;0.70
6.00;8.60;375;137;0.00;0;0;1;200;100;1;20;15;0;45;5.90;875.00;47;0.65
6.00;8.60;375;137;0.00;0;0;1;200;100;1;20;15;0;45;6.30;806.00;34;0.75
6.00;8.60;375;137;0.00;0;0;1;200;100;1;20;15;0;45;7.10;777.00;4;0.97
6.00;8.70;408;134;0.00;0;0;1;200;100;1;20;15;0;45;3.00;1523.00;33;0.75
6.00;8.70;408;134;0.00;0;0;1;200;100;1;20;15;0;45;5.40;1033.00;52;0.61
6.00;8.70;408;134;0.00;0;0;1;200;100;1;20;15;0;45;5.70;900.00;50;0.62
6.00;8.70;408;134;0.00;0;0;1;200;100;1;20;15;0;45;6.20;828.00;18;0.86
6.00;8.70;408;134;0.00;0;0;1;200;100;1;20;15;0;45;7.00;810.00;14;0.89
7.00;8.80;407;146;0.00;0;0;1;200;100;1;20;15;0;45;8.20;808.00;24;0.83
7.00;8.80;407;146;0.00;0;0;1;200;100;1;20;15;0;45;8.70;819.00;14;0.90
7.00;8.80;407;146;0.00;0;0;1;200;100;1;20;15;0;45;9.70;852.00;9;0.93
7.00;8.80;407;146;0.00;0;0;1;200;100;1;20;15;0;45;10.90;1041.00;2;0.98
7.00;8.80;407;146;0.00;0;0;1;200;100;1;20;15;0;45;11.90;2330.00;3;0.97
0.00;8.70;412;130;0.00;0;0;1;200;100;1;20;120;0;45;8.20;774.00;14;0.89
0.00;8.70;412;130;0.00;0;0;1;200;100;1;20;120;0;45;8.20;803.00;14;0.89
0.00;8.70;412;130;0.00;0;0;1;200;100;1;20;120;0;45;8.20;822.00;12;0.90
0.00;8.70;412;130;0.00;0;0;1;200;100;1;20;120;0;45;8.20;828.00;12;0.90
0.00;8.70;412;130;0.00;0;0;1;200;100;1;20;120;0;45;8.20;837.00;9;0.93
1.00;8.40;416;142;0.00;0;0;1;200;100;1;20;15;0;45;7.70;816.00;23;0.83
1.00;8.40;416;142;0.00;0;0;1;200;100;1;20;15;0;45;8.70;827.00;8;0.94
1.00;8.40;416;142;0.00;0;0;1;200;100;1;20;15;0;45;9.70;876.00;4;0.97
1.00;8.40;416;142;0.00;0;0;1;200;100;1;20;15;0;45;10.90;1241.00;3;0.97
1.00;8.40;416;142;0.00;0;0;1;200;100;1;20;15;0;45;11.90;4890.00;4;0.97
5.00;8.60;409;134;0.00;0;0;1;200;100;1;20;15;0;45;8.10;770.00;5;0.96
5.00;8.60;409;134;0.00;0;0;1;200;100;1;20;15;0;45;8.00;781.00;4;0.97
5.00;8.60;409;134;0.00;0;0;1;200;100;1;20;15;0;45;7.90;785.00;4;0.97
5.00;8.60;409;134;0.00;0;0;1;200;100;1;20;15;0;45;7.90;781.00;4;0.97
5.00;8.60;409;134;0.00;0;0;1;200;100;1;20;15;0;45;7.90;789.00;4;0.97
0.00;8.50;404;138;0.00;0;0;1;200;100;1;20;15;0;45;7.60;774.00;9;0.93
0.00;8.50;404;138;0.00;0;0;1;200;100;1;20;15;0;45;7.50;792.00;9;0.93
0.00;8.50;404;138;0.00;0;0;1;200;100;1;20;15;0;45;7.40;806.00;12;0.91
0.00;8.50;404;138;0.00;0;0;1;200;100;1;20;15;0;45;7.40;818.00;13;0.90
0.00;8.50;404;138;0.00;0;0;1;200;100;1;20;15;0;45;7.40;837.00;14;0.89
2.00;8.60;408;144;0.00;0;0;1;200;100;1;20;15;0;45;7.50;838.00;26;0.81
2.00;8.60;408;144;0.00;0;0;1;200;100;1;20;15;0;45;7.50;865.00;28;0.80
2.00;8.60;408;144;0.00;0;0;1;200;100;1;20;15;0;45;7.50;887.00;34;0.76
2.00;8.60;408;144;0.00;0;0;1;200;100;1;20;15;0;45;7.50;896.00;32;0.77
2.00;8.60;408;144;0.00;0;0;1;200;100;1;20;15;0;45;7.40;920.00;31;0.78
0.00;8.60;413;152;0.00;0;0;1;200;100;1;20;30;0;45;7.80;765.00;9;0.94
0.00;8.60;413;152;0.00;0;0;1;200;100;1;20;30;0;45;7.70;791.00;12;0.92
0.00;8.60;413;152;0.00;0;0;1;200;100;1;20;30;0;45;7.60;818.00;18;0.88
0.00;8.60;413;152;0.00;0;0;1;200;100;1;20;30;0;45;7.60;830.00;19;0.87
0.00;8.60;413;152;0.00;0;0;1;200;100;1;20;30;0;45;7.50;840.00;21;0.86
1.00;8.60;413;152;1.00;0;0;1;200;100;1;20;45;0;45;7.90;766.00;5;0.96
1.00;8.60;413;152;1.00;0;0;1;200;100;1;20;45;0;45;7.70;781.00;8;0.94
1.00;8.60;413;152;1.00;0;0;1;200;100;1;20;45;0;45;7.70;806.00;10;0.93
1.00;8.60;413;152;1.00;0;0;1;200;100;1;20;45;0;45;7.60;819.00;14;0.90
1.00;8.60;413;152;1.00;0;0;1;200;100;1;20;45;0;45;7.50;830.00;13;0.91
1.00;8.60;413;152;1.00;0;0;1;200;100;1;20;60;0;45;7.70;776.00;8;0.94
1.00;8.60;413;152;1.00;0;0;1;200;100;1;20;60;0;45;7.70;794.00;13;0.91
1.00;8.60;413;152;1.00;0;0;1;200;100;1;20;60;0;45;7.60;806.00;13;0.91
1.00;8.60;413;152;1.00;0;0;1;200;100;1;20;60;0;45;7.60;824.00;17;0.88
1.00;8.60;413;152;1.00;0;0;1;200;100;1;20;60;0;45;7.60;842.00;18;0.88
0.00;8.60;406;140;0.00;0;0;1;200;100;1;20;15;0;45;7.90;808.00;12;0.91
0.00;8.60;406;140;0.00;0;0;1;200;100;1;20;15;0;45;8.90;806.00;6;0.95
0.00;8.60;406;140;0.00;0;0;1;200;100;1;20;15;0;45;9.80;847.00;6;0.95
0.00;8.60;406;140;0.00;0;0;1;200;100;1;20;15;0;45;10.90;1057.00;2;0.98
0.00;8.70;410;146;0.00;0;0;1;200;100;1;20;90;0;45;7.80;779.00;4;0.97
0.00;8.70;410;146;0.00;0;0;1;200;100;1;20;90;0;45;7.70;809.00;8;0.94
0.00;8.70;410;146;0.00;0;0;1;200;100;1;20;90;0;45;7.70;809.00;10;0.93
0.00;8.70;410;146;0.00;0;0;1;200;100;1;20;90;0;45;7.60;836.00;13;0.91
0.00;8.70;410;146;0.00;0;0;1;200;100;1;20;90;0;45;7.60;844.00;11;0.92
5.00;8.60;409;148;0.00;0;0;1;0;100;1;20;15;0;45;8.00;420.00;28;0.81
5.00;8.60;409;148;0.00;0;0;1;20;100;1;20;15;0;45;8.10;455.00;19;0.87
5.00;8.60;409;148;0.00;0;0;1;50;100;1;20;15;0;45;8.00;509.00;15;0.89
5.00;8.60;409;148;0.00;0;0;1;100;100;1;20;15;0;45;8.00;600.00;9;0.93
5.00;8.60;409;148;0.00;0;0;1;150;100;1;20;15;0;45;8.00;689.00;5;0.96
5.00;8.60;393;131;0.00;0;0;1;200;100;1;20;120;0;45;7.70;759.00;52;0.60
5.00;8.60;393;131;0.00;0;0;1;200;100;1;20;120;0;45;7.60;783.00;39;0.70
5.00;8.60;393;131;0.00;0;0;1;200;100;1;20;120;0;45;7.50;783.00;41;0.68
5.00;8.60;393;131;0.00;0;0;1;200;100;1;20;120;0;45;7.50;806.00;37;0.71
5.00;8.60;393;131;0.00;0;0;1;200;100;1;20;120;0;45;7.40;821.00;39;0.70
5.00;8.50;413;150;0.00;0;0;1;200;100;1;20;15;0;45;3.00;1510.00;21;0.86
5.00;8.50;413;150;0.00;0;0;1;200;100;1;20;15;0;45;5.40;1078.00;27;0.82
5.00;8.50;413;150;0.00;0;0;1;200;100;1;20;15;0;45;5.80;916.00;28;0.81
5.00;8.50;413;150;0.00;0;0;1;200;100;1;20;15;0;45;6.30;849.00;19;0.87
5.00;8.50;413;150;0.00;0;0;1;200;100;1;20;15;0;45;7.00;854.00;10;0.93
0.00;8.60;411;135;0.00;0;0;1;200;100;1;20;15;0;45;7.70;796.00;11;0.91
0.00;8.60;411;135;0.00;0;0;1;200;100;1;20;15;0;45;8.80;820.00;7;0.94
0.00;8.60;411;135;0.00;0;0;1;200;100;1;20;15;0;45;9.90;882.00;3;0.97
0.00;8.60;411;135;0.00;0;0;1;200;100;1;20;15;0;45;10.90;1248.00;3;0.97
0.00;8.60;411;135;0.00;0;0;1;200;100;1;20;15;0;45;11.80;5750.00;4;0.97
1.00;8.50;415;150;1.00;0;0;1;200;100;1;20;15;0;45;7.70;493.00;65;0.56
1.00;8.50;415;150;1.00;0;0;1;300;100;1;20;15;0;45;7.70;531.00;86;0.42
1.00;8.50;415;150;1.00;0;0;1;500;100;1;20;15;0;45;7.60;611.00;129;0.14
1.00;8.50;415;150;1.00;0;0;1;750;100;1;20;15;0;45;7.10;699.00;64;0.57
1.00;8.50;415;150;1.00;0;0;1;1000;100;1;20;15;0;45;7.30;795.00;37;0.75
-3.00;8.40;409;138;-13.00;0;0;0;10;100;1;20;15;0;45;8.20;418.00;59;0.57
-3.00;8.40;409;138;-13.00;0;0;0;50;100;1;20;15;0;45;8.00;422.00;57;0.58
-3.00;8.40;409;138;-13.00;0;0;0;100;100;1;20;15;0;45;7.70;427.00;58;0.57
6.00;8.30;413;150;5.00;0;0;1;50;100;1;20;15;0;45;8.20;745.00;60;0.60
6.00;8.30;413;150;5.00;0;0;1;100;100;1;20;15;0;45;8.20;1066.00;59;0.60
6.00;8.30;413;150;5.00;0;0;1;150;100;1;20;15;0;45;8.10;1382.00;58;0.61
6.00;8.30;413;150;5.00;0;0;1;200;100;1;20;15;0;45;8.10;1710.00;61;0.59
6.00;8.30;413;150;5.00;0;0;1;0;100;1;20;15;0;45;8.40;425.00;56;0.62
6.00;7.00;1;110;5.00;0;0;1;50;100;1;20;15;0;60;6.00;324.00;94;0.14
6.00;7.00;1;110;5.00;0;0;1;100;100;1;20;15;0;60;6.10;696.00;97;0.11
6.00;7.00;1;110;5.00;0;0;1;0;100;1;20;15;0;60;5.70;1.10;82;0.25
